0.380113   -0.0286957   0.165408
-0.223787   -0.265731   -0.03073
-0.110923   0.080483   0.0666711
-0.0453442   0.338761   0.297809
0.449811   0.108407   0.37487
-0.165463   0.041256   0.0165144
-0.291723   -0.225896   0.288551
-0.0805644   0.0481185   -0.195765
-0.126018   0.00920326   0.300685
-0.352359   0.105786   -0.458885
0.491724   0.336805   -0.245763
-0.272461   -0.265007   0.173521
0.310682   0.208136   -0.11523
0.286219   -0.422146   -0.343865
0.472103   -0.380493   0.392862
-0.394258   -0.49074   0.0448334
0.341886   -0.480087   -0.221277
-0.103978   0.128629   -0.105268
-0.340415   0.396319   0.425872
-0.118997   0.34432   0.0257001
0.33247   0.357725   0.0421769
0.23533   -0.234829   -0.443017
0.0847141   -0.227351   0.275042
-0.252345   0.175813   0.261527
-0.221835   0.0981821   0.0495525
0.113388   -0.168385   0.166187
0.262889   -0.0779762   0.442993
0.140395   0.231881   -0.124527
0.230004   0.353327   0.139899
0.0628776   -0.484653   0.0478476
-0.0886766   -0.243684   -0.10386
-0.435858   -0.337669   -0.0662908
0.130155   -0.382572   -0.0281293
-0.369927   -0.296413   -0.398323
0.119266   -0.423099   0.0405985
0.0293569   -0.00903205   -0.417326
0.131032   -0.115931   -0.0131148
0.0792321   0.365978   -0.487559
0.299751   0.472445   -0.0155215
-0.468505   -0.0531361   -0.394812
0.208815   -0.103932   -0.289055
-0.401782   -0.069077   0.412019
0.37142   -0.390773   0.192281
0.380908   -0.145186   -0.33189
0.232845   -0.084183   -0.208756
-0.413758   -0.0992456   -0.458187
0.238297   -0.191777   0.433799
0.317855   -0.2829   0.344673
-0.446853   0.098988   0.417584
-0.252419   -0.495557   -0.360039
-0.170536   0.26014   0.46296
0.179603   0.274386   0.00047554
0.205746   -0.173076   -0.0574401
0.0888518   -0.319828   0.326444
-0.268343   0.0605923   -0.00320114
0.172352   -0.0283096   0.43757
0.158749   -0.384796   0.264497
0.448388   0.307271   -0.137957
-0.170632   0.494393   0.366666
-0.375358   -0.343814   0.49875
0.467497   0.272639   -0.381604
0.223173   -0.188488   0.0350267
-0.31616   -0.484907   0.319605
-0.302024   -0.138143   0.0654468
0.429341   -0.206702   0.0886002
0.324498   0.136235   -0.302666
0.329634   -0.239741   0.274105
-0.414793   -0.355583   0.231701
0.100661   0.0566246   0.0663085
-0.163236   -0.164167   -0.116535
0.150468   -0.29443   -0.160429
0.211601   -0.311663   0.0888785
-0.0435949   0.355155   0.172713
0.151223   -0.29726   -0.333729
-0.220754   -0.449464   -0.415658
0.183289   -0.213267   -0.367461
-0.416794   0.252109   -0.389862
-0.193961   -0.0728813   0.0012852
0.0450568   -0.486624   0.499926
-0.494631   0.379152   -0.0802172
0.29351   -0.152626   0.0644889
-0.267896   -0.496051   -0.199034
-0.411217   0.483601   0.496417
0.417448   0.424177   0.396598
-0.091903   0.0257797   -0.033924
0.466219   0.390087   0.0746595
0.441038   -0.482564   -0.218203
0.323932   -0.313829   0.14871
0.22163   -0.496317   -0.0499984
0.287836   0.223539   0.0926871
0.458699   0.491926   -0.355466
-0.476406   0.231612   0.258581
-0.0744315   -0.0432114   0.495124
-0.419015   -0.411748   -0.0966859
-0.228352   0.139146   0.437335
0.36836   -0.127772   -0.192706
0.261117   0.0235147   0.445065
0.356595   -0.408946   -0.449961
-0.41034   0.147751   -0.260501
0.146647   -0.16564   -0.24456
0.013897   -0.41684   -0.409916
0.301079   0.433386   0.0789041
0.17874   -0.109886   -0.388414
-0.287629   -0.412807   0.213145
-0.0153703   0.304485   0.109802
0.473169   0.014753   -0.0700401
-0.452333   -0.295662   -0.427263
0.295847   0.478807   -0.458189
