-0.497045   -0.485345   0.491557
-0.322247   -0.331284   -0.470818
-0.490876   -0.343485   -0.333093
-0.321238   0.491555   -0.327719
-0.159264   0.497043   -0.486182
0.00538459   -0.302292   0.488246
-0.153032   -0.326132   -0.326246
0.0183849   -0.492012   -0.339881
0.1628   -0.493681   0.479794
0.336132   -0.337846   0.484247
0.17817   -0.320485   -0.341377
0.338633   0.492462   -0.356278
-0.486344   -0.189161   0.496555
-0.333718   -0.00958095   -0.498608
-0.495474   -0.00708582   -0.325721
-0.325931   -0.151098   -0.324513
-0.161127   -0.157765   -0.488148
0.014177   -0.0099203   -0.485919
-0.168564   0.0102727   -0.313606
0.00962554   -0.168787   -0.331886
0.162107   -0.164637   0.480889
0.320032   -0.017935   0.491834
0.169104   -0.0231969   -0.327673
0.329967   -0.179444   -0.351506
0.494382   0.142444   -0.486751
-0.334266   0.333981   -0.496548
-0.498588   0.327013   -0.325462
-0.334527   0.159485   -0.32401
-0.182451   0.164594   -0.497242
-0.00355581   0.323485   0.497736
-0.169263   0.327141   -0.344307
0.0266386   0.166589   -0.322205
0.15905   0.175376   0.493268
0.359135   0.320243   0.481447
0.173001   0.342532   -0.354334
0.315784   0.148659   -0.335041
0.467038   0.486125   -0.151293
-0.33564   -0.338138   -0.176802
0.490164   -0.340208   0.00557985
-0.337511   0.498761   0.00922578
-0.151926   -0.49299   -0.170532
0.00995274   -0.316952   -0.149308
-0.174829   -0.349882   0.00594304
-0.0163928   -0.495708   -0.0052033
0.166089   -0.480545   -0.152268
0.340241   -0.342983   -0.156891
0.179541   -0.333294   0.0131909
0.317752   0.492048   0.00447504
0.497261   -0.166907   -0.170762
-0.328466   0.000144198   -0.148014
0.492976   -0.00515699   -0.00767815
-0.343597   -0.155146   -0.00451256
-0.170627   -0.1712   -0.150756
-0.00818038   -0.00615534   -0.154657
-0.175623   0.0238945   -0.000637953
-0.018538   -0.147297   0.0157007
0.168911   -0.160234   -0.134536
0.335515   0.000499836   -0.172622
0.182196   0.0103646   0.0222328
0.34631   -0.156949   -0.00177261
0.475861   0.16286   -0.180385
-0.340285   0.352334   -0.157171
0.494027   0.319426   -0.0144136
-0.346088   0.167882   -0.0245066
-0.168301   0.17457   -0.169612
-0.00517917   0.333239   -0.16843
-0.170233   0.334927   0.00803523
-0.0144393   0.170374   -0.00140268
0.159052   0.164907   -0.148949
0.301017   0.352217   -0.177356
0.173126   0.330519   0.000680864
0.331989   0.158933   0.0112928
0.495459   0.484594   0.148692
-0.339696   -0.32928   0.164932
-0.48756   -0.334401   0.322
-0.338855   -0.492293   0.340934
-0.190841   -0.49984   0.162737
0.00483554   -0.348611   0.177031
-0.145749   -0.330712   0.345278
-0.00300669   0.481678   0.328208
0.167429   -0.495514   0.176435
0.337   -0.338793   0.166304
0.162351   -0.334596   0.33229
0.341888   0.498457   0.32771
-0.496643   -0.182177   0.160277
-0.349994   -0.00522293   0.155494
-0.491131   0.0146999   0.340094
-0.319835   -0.169345   0.333631
-0.179792   -0.169166   0.165858
0.00962756   0.0129198   0.156977
-0.169396   0.0112939   0.333108
-0.00179772   -0.133874   0.318276
0.158112   -0.192614   0.163648
0.359042   -0.00296533   0.165757
0.186645   0.00497718   0.299565
0.330292   -0.175675   0.324307
-0.490382   0.16422   0.162791
-0.331451   0.338468   0.18181
0.49036   0.337602   0.312797
-0.334118   0.179381   0.343698
-0.175388   0.182561   0.159652
-0.00974844   0.334697   0.160987
-0.158454   0.321458   0.342224
0.00618473   0.158309   0.322648
0.169635   0.185198   0.164264
0.343097   0.337949   0.156515
0.160711   0.339935   0.332147
0.333327   0.161788   0.334585
