0.202249   -0.187329   -0.137196
-0.167581   0.907454   0.387456
0.0613851   0.488794   0.162136
-1.1223   0.425547   1.46751
0.104093   1.57849   0.811221
0.712238   1.51988   1.35189
-0.250553   -0.83861   -1.9457
0.936025   -0.351931   -0.124947
-0.3768   -0.353631   0.64318
-0.0258396   -0.777169   0.281451
1.38551   -1.69509   0.320445
-0.0766293   -0.59311   0.866888
-0.0300015   0.892615   -0.204296
0.0700257   -0.0492138   -1.35612
1.65381   0.146104   0.176297
0.164242   0.358596   -1.09826
-2.60426   1.25342   0.63106
-0.84871   0.472576   0.217668
1.45117   -0.566841   0.203462
0.0920456   -0.277723   -0.58349
0.0136081   -0.850404   -0.191768
-0.724062   -0.558838   1.57838
-0.320687   0.203089   0.966725
0.625875   0.846802   1.01482
-1.34389   -1.1039   -1.20971
-1.75282   -0.32993   0.447841
0.496944   -0.0520007   0.383998
1.39474   0.647097   -0.247927
-0.93128   1.26977   0.238117
-0.586383   -0.559665   -0.471292
-0.586145   -0.512956   0.413903
-0.302897   2.22189   0.686775
0.874632   0.475978   -0.440382
0.426902   -0.12278   -0.202258
-0.89501   1.43883   1.579
-0.000458565   -1.01619   -1.12117
-0.144398   0.46914   0.297757
-0.723193   0.392699   -0.759651
0.433512   -0.548995   -1.62151
0.542618   0.254565   0.5068
1.1032   2.05214   -0.680165
0.0396263   0.305386   0.648111
-1.57727   -2.63645   0.90027
-0.67927   -0.203948   0.362043
0.401649   -0.345047   0.298759
1.20384   -1.63411   0.450857
0.742166   -0.416324   1.49159
-0.149117   0.600533   0.666286
0.706276   0.586666   -0.0630087
-1.04155   0.742431   -0.208069
0.248323   -0.400647   0.435849
1.62215   0.65282   -0.187774
-0.998933   -0.887656   -1.16847
0.701372   0.316171   -0.676757
2.08654   -0.576633   -1.29698
0.637355   -0.221677   -0.821672
-0.463536   1.15115   0.426021
1.64645   0.418637   -0.933456
-0.3211   -1.43447   0.0249161
-1.7002   -0.486893   0.307783
1.45211   -0.538949   -1.96416
1.28946   1.61047   -0.543278
-0.554908   -0.152004   -0.416454
0.577484   -1.54734   -0.0121078
1.26872   0.659381   1.11689
-0.444136   -0.49818   -1.65538
0.907197   -2.35002   -0.269762
-1.34683   -0.254132   -0.700315
-1.0138   0.161748   0.829578
-0.582049   1.29201   1.0383
0.194888   2.58182   -0.900527
0.622872   0.4362   -0.326907
-0.830419   0.616242   -0.334097
-0.305691   0.417827   0.215729
0.854385   0.604049   -1.42134
0.81562   0.602344   1.0136
-0.788724   -1.85063   -0.00837427
-1.28278   -0.686361   -2.41143
2.05258   -0.306179   0.664048
0.279355   -1.68129   0.566368
-1.47272   0.25933   -0.478325
-1.11804   0.47902   1.12728
-0.630224   -0.569831   0.156544
-0.598276   0.344394   0.262007
-0.855134   0.0311591   -1.80552
0.411825   -0.68575   -0.532929
-0.500002   -1.10281   -0.283676
-0.597984   -0.66992   -0.320305
-0.871763   0.176587   0.7039
1.39017   -1.97076   0.917072
0.185706   -0.0132451   -0.0277438
-0.684225   -0.449794   0.638809
-0.109386   1.36467   0.937811
-0.657302   -0.126565   -0.303615
-0.439654   -1.50634   -1.16802
0.0596226   -0.474133   -0.0295114
-0.262523   1.09132   0.320703
-0.302503   -1.23529   0.295598
0.714826   1.75773   -2.19245
1.04465   0.749861   -1.48313
-0.244838   0.955496   1.84792
0.922212   0.15713   0.794585
-0.208274   -0.195879   1.31843
0.228585   -1.01747   -0.534374
-0.303897   -0.208219   -0.357197
1.21096   1.37693   1.61268
-0.521788   0.803665   0.243694
-0.991042   -0.937382   -0.035861
