-0.452273   0.488379   0.485765
-0.29442   -0.324876   0.468035
-0.450299   -0.358479   -0.345847
-0.286357   0.482457   -0.349938
-0.152772   0.495814   0.470096
0.023046   -0.343249   0.490827
-0.130549   -0.347607   -0.354111
0.0428741   0.492364   -0.354043
0.195447   0.497673   0.483087
0.357062   -0.354928   0.488911
0.20645   -0.333749   -0.341649
0.365675   0.46989   -0.34371
-0.445893   -0.180226   0.486395
-0.28383   -0.0100633   -0.490747
-0.478153   -0.0120419   -0.360003
-0.282656   -0.165854   -0.347814
-0.131081   -0.162931   0.481233
0.04901   -0.0327048   0.467275
-0.109687   -0.00490529   -0.353363
0.0290565   -0.166615   -0.342946
0.212608   -0.183642   0.469234
0.369671   -0.0157265   0.476327
0.219479   -0.00235861   -0.346742
0.383495   -0.191281   -0.363761
-0.447638   0.157446   0.483906
-0.302844   0.319039   0.478531
-0.475467   0.32883   -0.355027
-0.291008   0.179498   -0.348572
-0.132783   0.149646   0.479122
0.0359318   0.322542   0.477621
-0.133492   0.328482   -0.366416
0.0621818   0.16353   -0.370365
0.21885   0.153498   0.476302
0.374387   0.324292   0.4916
0.209624   0.327954   -0.357097
0.370453   0.158136   -0.360975
-0.45695   0.476684   -0.196846
-0.308629   -0.340329   -0.19647
-0.480442   -0.347576   -0.0141237
-0.288907   -0.489096   -0.0264594
-0.119368   0.497541   -0.181059
0.0287387   -0.340632   -0.19177
-0.133639   -0.323377   -0.00585093
0.02978   -0.496709   -0.0196788
0.182487   -0.497021   -0.185082
0.371641   -0.339108   -0.2073
0.192042   -0.337953   -0.0417538
0.341265   0.495704   -0.0146855
-0.463036   -0.193896   -0.190249
-0.297885   -0.00680095   -0.198828
-0.470212   0.000699226   -0.0175225
-0.286767   -0.17145   -0.00694718
-0.138414   -0.185172   -0.183952
0.0389231   0.0220216   -0.194908
-0.113659   0.018274   -0.019537
0.0314948   -0.156264   -0.0134
0.209725   -0.163059   -0.198269
0.388774   -0.011782   -0.19578
0.194261   0.00874204   -0.0397565
0.374394   -0.175675   -0.0401506
-0.438621   0.174628   -0.189132
-0.289877   0.331795   -0.186735
-0.446454   0.30933   -0.0226263
-0.294549   0.15211   -0.0262974
-0.135669   0.159652   -0.190961
0.0393607   0.323298   -0.197785
-0.125668   0.335466   -0.0150707
0.0417793   0.161313   -0.0238265
0.198875   0.180084   -0.186457
0.364014   0.332139   -0.166658
0.197129   0.32024   -0.0150243
0.359448   0.151065   -0.0386666
-0.465309   0.471398   0.136789
-0.304982   -0.337851   0.146813
-0.467636   -0.348315   0.305579
-0.303335   0.48941   0.293384
-0.146044   -0.496944   0.141098
0.0349713   -0.334441   0.159569
-0.111622   -0.34144   0.323751
0.0261203   0.49639   0.326027
0.177128   0.485704   0.14331
0.348599   -0.36284   0.143446
0.197668   -0.362998   0.307743
0.35763   -0.491029   0.316018
-0.479856   -0.182395   0.140962
-0.31266   -0.0175762   0.142964
-0.462154   -0.0189351   0.330805
-0.298279   -0.170795   0.317984
-0.124506   -0.164683   0.158146
0.0462066   -0.000977868   0.14787
-0.137765   0.0192113   0.317997
0.0366195   -0.173715   0.312968
0.200238   -0.174629   0.15602
0.37409   -0.0210474   0.149741
0.190118   0.000884096   0.30573
0.354198   -0.18944   0.306919
-0.467739   0.136852   0.157702
-0.292722   0.320628   0.147926
-0.462811   0.346678   0.314451
-0.323214   0.153081   0.30718
-0.126385   0.169388   0.153998
0.0291186   0.324855   0.149843
-0.142494   0.314062   0.325843
0.0396704   0.175643   0.330236
0.207721   0.155441   0.139417
0.370389   0.324883   0.127603
0.227237   0.322903   0.310811
0.386283   0.174709   0.319098
