0.251621   -0.0434852   -0.0558885
0.260712   -0.293205   -0.265353
-0.0693197   -0.431753   0.460731
0.29926   0.0997763   -0.0863711
0.0382101   -0.281314   -0.408264
-0.250395   0.341148   -0.185891
-0.260065   0.32435   -0.0909582
-0.4079   -0.103207   0.332799
0.108851   0.15613   0.422561
-0.233065   0.447266   -0.226374
-0.20273   0.4548   0.425345
0.443104   -0.28376   -0.344575
0.0942065   0.152331   -0.0305702
0.161817   -0.46558   0.237612
0.350428   0.19359   -0.351012
-0.417334   0.293234   -0.121945
0.341425   0.277943   0.0956479
0.377598   0.131997   0.047365
0.206638   -0.201317   -0.0121574
-0.0831267   -0.424564   0.369704
0.277266   0.447935   -0.00281475
0.352391   0.307254   0.498963
-0.470812   0.0241036   -0.00652193
-0.120642   0.123436   0.306116
-0.0869851   0.281107   -0.334931
0.100462   -0.468104   -0.489946
-0.1421   -0.457221   -0.495464
-0.092   0.037711   -0.425104
0.220043   -0.433586   -0.318687
0.40748   0.0115251   -0.337697
0.487754   -0.376885   -0.368779
0.0862181   -0.176148   -0.0848874
-0.459176   0.484906   -0.347236
-0.407783   0.0420096   0.229531
0.158275   0.114532   -0.102967
0.171355   0.183484   -0.143049
-0.0131726   -0.461863   -0.208435
-0.0385852   0.434668   -0.269758
-0.138972   0.44038   -0.116893
0.372156   0.0767422   0.101508
0.201893   -0.0958334   0.190156
0.217141   0.239615   -0.341721
0.103216   0.134447   -0.229828
0.00704991   -0.107793   0.383277
0.359767   -0.0477916   0.424666
0.107538   0.428721   -0.276694
-0.0599002   0.135585   0.498535
0.0288198   0.0544334   -0.393969
0.403647   -0.396948   0.216153
0.190779   0.287045   0.301364
-0.32428   -0.424586   -0.325589
0.0715299   -0.0357079   -0.425016
0.190506   -0.169899   0.140003
-0.397084   0.283899   -0.040693
0.244403   0.290666   -0.214632
0.467263   0.00239479   0.130155
-0.412275   0.403291   -0.272829
-0.0657748   -0.360269   0.171047
0.0794355   0.391345   -0.47568
-0.303714   0.476215   -0.0250772
-0.0075229   -0.416083   0.181477
-0.315275   -0.468206   0.159357
0.429324   0.225135   -0.134297
0.29787   -0.454918   -0.368009
-0.340807   0.445766   0.236926
0.440161   0.498088   -0.0236098
-0.475305   0.221214   0.266516
-0.0384302   -0.255578   0.227957
-0.132236   -0.337048   -0.345202
0.0632847   0.077006   0.482219
0.243807   -0.0625096   0.389026
-0.412881   0.131946   0.295658
0.0147884   -0.476124   0.496146
-0.455681   -0.325607   0.395256
0.286094   -0.279252   0.0177839
-0.225134   0.464315   -0.103201
0.407463   0.0125381   0.0851827
-0.204568   -0.0934344   0.459797
0.454636   -0.0917711   0.17032
-0.447712   -0.283026   0.311076
0.397202   0.0382405   -0.059971
0.0256434   0.152776   -0.268279
-0.0235805   -0.103101   -0.436829
-0.28285   -0.323224   0.215481
0.442977   -0.496661   0.0840996
-0.0100262   0.297412   0.436014
-0.205032   0.266043   -0.181407
-0.48866   -0.448629   0.0367023
0.277839   -0.0755321   0.0645779
0.0232001   0.132079   -0.156922
0.220482   0.396874   0.399728
0.496286   0.140781   -0.260728
0.0923929   0.235013   -0.149754
-0.118906   0.42848   -0.341889
-0.233412   0.415488   -0.383207
0.392755   -0.0306468   -0.266122
0.482528   -0.244182   -0.411293
-0.101786   -0.306472   -0.427121
-0.00688794   -0.405004   -0.295005
0.281918   -0.169058   0.0379059
-0.176397   -0.282209   -0.0679684
-0.293234   0.133473   0.312276
-0.204551   -0.487811   -0.379013
-0.037441   0.104597   0.365546
0.293139   -0.454393   -0.259137
0.177145   0.0967931   -0.384817
0.263057   0.430845   0.0891788
0.302557   0.446352   -0.296759
