-0.491552   0.422792   0.494989
-0.345585   -0.402004   -0.499493
-0.493172   -0.40059   -0.322598
-0.336478   0.436586   -0.331828
-0.185453   0.424937   -0.497977
-0.0248938   -0.40124   -0.494956
-0.17934   -0.398768   -0.340846
-0.00682996   0.43979   -0.333697
0.157719   0.444132   -0.493996
0.333462   -0.392809   -0.491388
0.162392   -0.3816   -0.352066
0.346084   0.430833   -0.31131
0.470096   -0.234197   0.496873
-0.341416   -0.0692516   -0.492997
0.485723   -0.0622591   -0.347291
-0.338512   -0.208633   -0.33879
-0.185772   -0.231163   -0.483247
-0.0128944   -0.0604991   -0.499149
-0.178892   -0.0460985   -0.319929
-0.010718   -0.214868   -0.330132
0.134881   -0.221378   0.490556
0.310879   -0.0644336   -0.494407
0.156633   -0.0360159   -0.343516
0.326267   -0.209223   -0.326155
0.489164   0.115086   -0.497806
-0.324742   0.25504   -0.489797
0.49593   0.256223   -0.302528
-0.346619   0.100625   -0.342573
-0.164796   0.105679   0.496435
-0.0131818   0.269686   -0.482627
-0.181136   0.274845   -0.311536
-0.0272528   0.0947819   -0.318466
0.154029   0.104971   0.480912
0.328094   0.283157   -0.488963
0.152309   0.261336   -0.33304
0.32139   0.104254   -0.341589
-0.486523   0.442483   -0.165477
-0.338933   -0.370661   -0.175334
0.481708   -0.407241   -0.00639345
-0.328679   0.462574   -0.0118312
-0.1826   0.447585   -0.171135
-0.00706958   -0.387782   -0.189198
-0.161861   -0.381836   -0.00410924
-0.00397819   0.45041   -0.0130968
0.158009   0.450273   -0.167382
0.33097   -0.396611   -0.171656
0.170433   -0.41071   -0.0111954
0.340505   0.440958   -0.0192657
0.491585   -0.227555   -0.174324
-0.353958   -0.073213   -0.164532
0.468307   -0.0660785   0.00496756
-0.360623   -0.225   -0.0023264
-0.174107   -0.214281   -0.17081
-0.00960757   -0.0677515   -0.146067
-0.18555   -0.0505297   0.00181113
0.0107163   -0.242098   -9.50944e-05
0.167344   -0.240854   -0.178331
0.327875   -0.0498196   -0.178518
0.168921   -0.0656049   0.00435448
0.333704   -0.247906   -0.012709
-0.49481   0.0931489   -0.152079
-0.339396   0.269297   -0.160049
0.471808   0.281703   0.00254998
-0.351735   0.129886   0.0137588
-0.208043   0.100048   -0.145563
-0.0148719   0.27083   -0.152041
-0.172082   0.275176   -0.00219857
-0.0153936   0.104574   -0.00439724
0.154039   0.100584   -0.168363
0.321836   0.267291   -0.157569
0.172364   0.297235   0.00344375
0.310703   0.117933   0.00797561
-0.499993   0.460539   0.170625
-0.34175   -0.387064   0.167159
0.49612   -0.394614   0.337751
-0.346235   0.436382   0.328075
-0.176176   0.446886   0.181045
-0.00754448   -0.402744   0.158674
-0.179116   -0.393757   0.340858
-0.00640372   0.43894   0.343299
0.15826   0.435888   0.168465
0.326196   -0.391266   0.186046
0.152284   -0.388929   0.326646
0.330139   0.438622   0.340016
0.490407   -0.21429   0.187025
-0.367707   -0.0521137   0.140221
0.459397   -0.0435447   0.339818
-0.347673   -0.228775   0.344576
-0.189894   -0.211487   0.169972
-0.0198984   -0.0650444   0.165779
-0.196225   -0.0604643   0.339494
-0.0203039   -0.223928   0.331325
0.16823   -0.226781   0.170346
0.314664   -0.0455347   0.17415
0.149605   -0.0508866   0.315509
0.309738   -0.227721   0.343257
0.497037   0.123012   0.168714
-0.349577   0.294648   0.155636
-0.482837   0.261576   0.336066
-0.348504   0.0984947   0.342113
-0.172929   0.112126   0.168422
-0.0138763   0.280288   0.139821
-0.201802   0.265564   0.343777
-0.0158904   0.12471   0.326191
0.152311   0.119679   0.170258
0.327097   0.280558   0.188181
0.160206   0.293726   0.341694
0.313419   0.129099   0.346011
