-0.483822   -0.492647   -0.0504796
0.217005   -0.057116   -0.0930955
0.430542   -0.321941   -0.118735
-0.283627   0.479164   0.116585
0.390068   -0.0926513   -0.0579522
0.440185   0.0589608   0.222299
-0.377187   -0.00790422   0.379437
-0.0589518   0.420519   0.0611917
-0.03169   0.00993684   0.0470684
-0.176511   0.226   0.194338
0.0204266   0.459839   -0.315567
0.189656   0.0904677   -0.115792
0.0344107   -0.187607   0.0841193
-0.368165   0.09288   -0.28387
0.339503   0.316453   0.47483
-0.377942   0.419127   -0.340952
-0.458088   0.297265   0.415075
-0.0580298   -0.314695   0.119096
0.264466   0.0814066   0.031109
0.165654   -0.159942   0.0121085
0.197654   -0.34685   -0.389708
0.0743076   0.0984891   0.3555
-0.134568   0.0586295   0.307538
-0.142124   0.0681245   0.0113155
0.304562   -0.281694   -0.137573
0.312385   -0.455792   0.340767
-0.310619   -0.335955   0.452724
0.0327801   -0.138281   0.150351
0.101043   -0.205444   0.29807
-0.427112   -0.0749176   -0.165968
0.121507   0.369967   -0.0883558
-0.425263   -0.475872   -0.434829
-0.32821   0.103624   0.463884
-0.381273   -0.197356   0.402174
-0.297998   -0.0283249   -0.135933
0.250285   -0.0947765   0.214459
-0.355944   0.482078   0.253118
0.0404516   -0.120653   0.0414141
-0.0269215   -0.361105   -0.15995
-0.264097   0.0997887   -0.269518
0.14018   0.226991   -0.429634
0.00793589   -0.29986   0.0566325
-0.0743743   0.443166   -0.166357
0.239218   -0.170897   0.446436
-0.378119   -0.149639   -0.409568
-0.374526   -0.466418   -0.0362975
-0.0981172   -0.218774   0.233465
-0.299172   -0.0344817   -0.478548
0.468749   -0.041232   0.118731
-0.244421   0.123259   -0.344239
-0.315234   -0.202213   -0.337836
0.187098   -0.296955   0.040472
0.376211   -0.410438   -0.330651
0.445026   -0.450072   -0.241208
-0.347441   0.472241   0.0253613
0.215225   0.375369   -0.282117
-0.254055   0.431592   -0.346912
-0.00936774   -0.454079   0.286979
0.381135   0.0156168   -0.0625836
0.214147   0.364671   -0.0204024
-0.276033   0.419911   0.486918
0.0134407   -0.212978   0.172043
0.299225   -0.431179   -0.356216
-0.324192   0.101406   -0.462382
0.465055   -0.0772761   0.207606
0.0035233   -0.153636   -0.23614
0.393174   -0.243115   0.031324
0.476002   0.262998   -0.331439
-0.189916   0.121679   0.403091
-0.043389   -0.169847   0.0507893
-0.339129   -0.426694   0.0142393
-0.232166   -0.283478   -0.313082
0.0517671   0.214634   0.290658
0.30223   -0.00157364   -0.103947
0.225508   -0.257555   -0.434731
0.0684275   -0.260606   -0.0907684
0.401994   -0.373352   -0.178003
0.301246   0.0282669   -0.444824
0.317644   0.274566   -0.0551245
-0.326988   0.0767371   0.165496
0.435609   -0.405512   0.0601339
0.440925   -0.119238   -0.164218
-0.448971   0.0859031   -0.162316
0.462023   -0.21261   0.242446
0.347368   0.149454   -0.0491919
-0.310401   0.249698   -0.331089
-0.489424   -0.172196   0.302332
-0.251569   -0.385723   0.315637
-0.170731   -0.350594   -0.478784
0.449798   0.46345   -0.47569
0.248907   0.462275   0.103763
0.0122717   -0.295862   0.367741
0.374452   -0.416544   0.28507
0.404641   -0.264665   -0.403827
0.219284   -0.415412   -0.0750597
-0.0766555   -0.216503   0.336401
-0.274769   0.346352   -0.357815
-0.495404   0.447489   0.0269368
0.256644   0.0645619   -0.186806
0.13078   0.456026   -0.262443
-0.474619   -0.318134   -0.301245
-0.442   -0.455934   0.197247
0.167628   -0.117582   0.428073
0.242624   0.351075   -0.192714
0.105992   0.217698   0.0986672
0.332018   0.0519919   0.0596236
-0.325059   0.498553   0.333438
0.102625   -0.0452281   0.454392
