1.17717   -0.954063   2.44095
-1.36545   -0.64726   0.163565
2.52538   0.475389   -1.28519
-0.213436   -0.502282   -0.173848
-0.99377   -1.68424   -1.67791
-0.883944   -0.397354   0.979217
0.616814   -1.45574   -0.115381
1.30076   -0.477535   0.345732
1.76324   0.090116   0.0285117
1.34444   -2.09688   -1.35016
-0.134113   0.845593   0.89057
0.0384354   0.861097   2.60305
-0.922987   -0.583365   -0.521867
0.2906   0.755755   -0.985751
0.188624   1.09876   0.284957
-1.1263   3.04629   -0.467517
-1.17343   0.382777   0.674438
-0.492905   -1.34034   -1.6066
0.147391   -0.619341   0.447576
-0.910815   2.38446   1.42114
0.674809   0.943763   0.804747
2.71787   0.829231   0.170502
0.493587   0.740097   0.165556
1.17181   -0.71256   -0.34869
0.435958   -0.806387   0.432151
0.545704   1.61432   -0.504256
-3.82599   0.0504529   -0.816036
-0.482569   -0.535252   -0.230972
-2.85792   -1.17748   -0.307689
1.54023   1.00411   -1.37907
0.379596   0.191533   -0.0203735
0.926895   1.22419   0.307346
-0.863269   -1.5228   -1.55073
1.07421   -0.671673   -1.19002
-1.794   0.80752   -1.06079
-0.184369   -0.353041   1.47119
-0.237286   0.258698   -0.342544
0.189888   -0.235215   0.324778
-3.43366   -0.499456   0.228021
-2.02016   2.03844   0.43146
0.446986   1.88531   -1.1363
0.442982   -0.264227   -0.303095
0.924929   -0.88534   -1.98108
0.520662   0.736677   -0.213736
-1.12912   0.547666   -1.63408
1.94319   -0.343614   -0.0848949
-0.0542198   0.5965   0.337215
-0.943266   0.404457   -0.137692
2.04908   0.401453   0.172257
0.0233807   -0.223467   -1.77299
-2.2331   -0.107349   -0.580792
-0.691239   -0.838445   -1.3691
0.223321   -0.887411   -0.302736
0.738291   0.0633499   -0.132623
-0.717719   -0.348909   -1.02709
0.593231   0.324919   1.49022
-0.219354   2.42486   0.47183
0.40548   -2.13024   0.608838
0.865748   0.211763   0.939077
-0.195282   -1.05249   -0.644618
-0.278839   -1.00285   0.137892
-1.18596   0.0917523   -0.0742556
0.0246394   -0.257769   0.0226928
-0.775057   0.668055   0.948456
-0.0443046   -0.602135   -1.45671
1.35309   -0.00905952   0.840375
-0.689615   0.548894   -0.286815
-1.16951   -0.379424   0.223305
-1.09542   0.740092   0.39589
0.646353   -1.69713   -1.85267
0.863425   -0.955733   1.13962
1.31489   -0.0303351   -0.49019
3.52555   0.73464   1.14937
-0.491633   -1.53694   0.826285
0.301873   -0.384074   1.06609
0.833916   1.44726   1.67569
-0.152855   -0.0154095   -1.31463
-1.07258   -1.0733   1.06613
0.588273   -0.971201   -2.01706
-0.896154   -1.75537   0.583892
1.27724   1.13416   -0.009426
0.498044   1.55716   0.553009
2.04364   -0.126307   0.831662
0.62701   0.372765   0.745149
-0.568638   1.36661   -0.958595
0.827523   1.05447   0.953871
0.764189   -1.73698   0.598769
-0.124916   0.506654   0.249402
0.351816   0.667568   1.36132
0.571323   -0.511711   1.50529
-0.170943   1.06731   -0.963779
-0.422304   -0.276141   0.0114243
0.848917   -0.0681202   -0.975782
0.583032   -0.61777   -0.695348
0.198197   0.580133   1.3469
-0.297195   -0.169702   -0.388251
0.0767195   -0.813721   0.704538
-0.844287   1.35778   -0.166552
1.16967   0.934983   -0.517922
-0.91812   0.215439   -0.064144
1.52566   -0.154555   0.45076
-0.685541   -1.09907   -0.804852
-2.02637   -1.7289   0.156241
0.905325   -1.00362   -0.506559
-1.19886   1.02357   0.699994
-0.630704   -1.24262   0.682178
-2.89869   1.09124   -0.426653
-1.70284   0.173622   1.6653
