0.489752   0.360463   -0.18642
-0.121757   -0.226947   0.35494
0.0616995   0.245224   0.00842714
0.177116   0.259753   -0.160259
-0.14498   0.122459   -0.0105422
-0.450074   -0.307269   0.141491
-0.225635   -0.40636   0.395689
0.111719   -0.161685   -0.317116
0.13358   0.41734   -0.307823
0.336271   0.175194   -0.452281
0.164466   0.430377   0.295024
-0.194979   0.471926   0.15695
-0.412957   0.366092   -0.391175
0.194117   -0.482696   0.49318
-0.288922   -0.131949   0.300389
-0.225357   -0.306595   0.20657
-0.35506   -0.108476   0.0921568
0.434913   0.180388   -0.0932937
-0.455163   -0.220327   -0.0368619
-0.294353   0.295596   -0.236689
-0.0820211   -0.318956   -0.411705
0.370368   -0.22951   0.465139
-0.40782   0.496876   0.444854
0.361742   0.0690985   0.20938
0.320413   -0.129317   0.265309
0.322737   -0.216922   -0.333022
0.356348   -0.384758   0.0675936
-0.473043   0.0754388   0.0872719
-0.340446   -0.0795335   -0.262472
0.0494828   -0.0132166   -0.410082
-0.0861063   0.25326   0.190074
-0.438616   0.0978421   -0.481019
-0.293629   -0.2415   0.471587
-0.386729   0.463254   0.0445734
0.133688   0.088993   0.429682
-0.273068   -0.269932   -0.254783
0.378107   -0.41658   0.258043
-0.207328   0.479648   -0.0828005
-0.383108   0.4823   0.243943
0.434734   0.366907   0.248611
0.0266394   0.32543   0.401394
0.0255241   -0.331277   0.169286
-0.0114881   -0.0202804   0.0364568
0.213496   0.323966   0.488017
0.175728   -0.121121   0.455296
0.217127   -0.301062   0.25963
-0.05329   -0.448323   0.299131
0.261686   0.365074   0.141294
-0.14027   -0.131805   0.150584
0.0756259   -0.320248   0.426195
0.365981   0.383238   -0.354655
-0.162949   0.438138   -0.288372
-0.261326   0.279523   -0.0255852
-0.188579   0.107358   -0.375639
-0.126268   -0.35719   -0.154507
0.30959   0.134817   -0.246834
0.34234   -0.419125   -0.314778
0.076697   0.075486   -0.120881
0.0388064   -0.419233   -0.284857
-0.082608   0.0386604   0.276698
0.235502   0.46113   -0.0716424
0.298667   0.193204   0.348317
0.0242238   0.431685   -0.137683
-0.403095   -0.467304   -0.186575
-0.167374   0.400137   0.338859
-0.0478824   0.303705   -0.400417
0.417801   -0.425603   -0.107392
-0.268694   0.121281   0.194472
0.399011   -0.102664   0.0758011
-0.174916   -0.148497   -0.0627165
-0.487472   -0.107076   0.257383
0.303856   -0.0736296   -0.19453
0.107377   0.210895   -0.336413
0.0650794   -0.158828   0.310209
-0.448413   -0.289966   0.34998
0.484971   -0.106755   -0.358546
-0.281755   0.202954   0.40323
-0.01705   -0.498155   -0.471864
0.131392   -0.363988   -0.0214987
-0.153151   0.020342   -0.194504
0.415332   0.412148   0.00780847
-0.433681   -0.0941716   0.443548
-0.297709   -0.338212   -0.0101522
0.400093   0.223734   0.0965077
0.487337   -0.26406   -0.203701
-0.460158   0.0972918   0.320412
0.256162   0.0704947   0.0455045
0.0174292   -0.217144   -0.0806207
-0.345673   0.0933141   -0.0778331
0.396928   -0.492902   0.466977
0.0285451   0.447187   0.14068
-0.421679   0.108445   -0.270733
-0.222211   0.40042   -0.477465
0.262829   -0.01587   -0.409458
0.115574   0.0471989   0.173813
-0.496523   -0.34845   -0.427055
0.125582   -0.178664   0.0832668
-0.398815   0.261   0.12971
-0.0795663   0.228848   -0.16074
0.489765   -0.045955   -0.128945
-0.0893218   -0.156237   -0.269156
0.134756   0.247901   0.229372
-0.0634376   0.13233   0.469119
0.385109   -0.00827605   0.414986
-0.181523   -0.0475315   0.45526
-0.459091   0.316371   0.420675
0.294899   -0.230206   -0.0759638
-0.271596   -0.399794   -0.420693
