-1.13182   -1.17767   0.130674
-0.741219   -1.13572   -0.554198
0.480555   -0.481128   1.1509
-0.597458   0.722438   1.16884
0.464678   0.0913509   -0.99777
0.910318   -1.22416   0.185819
0.533321   2.39988   0.231235
-0.104087   2.42813   1.38331
0.830312   2.05647   0.829153
-1.12097   0.0159409   -0.563895
0.46917   -0.836708   -2.65945
-1.67639   1.91634   -0.84155
0.316609   0.708608   0.141447
0.702995   -0.362232   0.38174
0.174203   1.78273   0.543794
0.875924   -1.33122   0.132532
0.0159645   -0.104495   0.989936
0.281723   -0.0789944   -0.56056
1.05713   -0.994767   -1.06545
1.18316   -0.819983   -0.914154
0.179138   -0.278729   1.11216
-1.03778   -2.31218   1.16659
-0.769964   0.313902   -1.22506
1.3025   1.07589   1.21706
0.42217   0.793391   0.551055
-2.43379   0.714047   -1.25675
0.24921   -0.812415   -2.60012
1.63681   0.202746   -2.34185
0.504719   0.405527   -1.06443
2.19888   0.108982   0.776799
1.33854   0.336846   -0.505914
1.05925   1.69059   0.131836
-1.1485   0.441632   -2.39321
-1.39277   -1.41141   0.926007
-0.215686   -0.403084   -0.198237
1.04381   2.73184   -1.70816
0.447656   0.47957   0.837819
0.163209   2.26575   0.413514
-0.576147   1.55975   -1.11379
1.51946   -0.417692   0.902913
-0.0370123   0.549446   -1.43165
1.10393   -1.77742   1.76726
-0.0671111   -0.06608   0.342117
1.31549   -1.36429   0.135555
0.169463   -2.15507   0.47703
1.21588   0.301193   -1.5461
0.0888847   -1.86336   0.321866
1.17366   1.3462   -0.527588
-1.55002   1.10518   1.46826
-1.42869   0.222547   0.854602
-1.75593   -1.01286   -0.0586527
0.0146504   -1.33495   0.376848
0.0905094   -0.934377   1.82248
0.0334009   -0.73837   -0.425371
-1.15089   -0.0557116   -0.164166
-0.860552   -0.664371   2.10868
0.330384   1.57173   2.13326
-0.4097   -0.312686   1.11108
-0.522763   -0.281544   0.459826
-0.264866   -0.580675   0.325185
-1.81071   0.358324   -0.670829
-0.746407   -1.02084   1.18754
-1.9636   0.927947   1.16496
-0.680937   -0.948394   -1.47935
0.326207   -0.470558   0.239409
-0.140327   -2.5047   0.926257
0.0645246   0.167544   0.457995
-0.693569   -0.860292   0.679553
0.609671   -0.194458   0.242819
0.237516   -0.78352   -0.112677
-0.822086   0.993734   -0.148456
-0.909714   -0.409381   -0.19746
-0.979107   -0.895482   1.11232
0.396721   -0.959627   -1.16755
0.375761   -2.05694   0.933203
0.324262   0.885943   -2.77766
0.322332   0.260823   0.0672191
-1.28366   0.744042   -0.581834
-0.378608   -0.902377   -2.83088
1.03433   -0.299166   -0.251092
-0.863702   0.711571   1.47623
1.27657   -0.459124   2.15701
-2.64268   0.549976   0.105739
1.05859   -1.91188   0.68888
0.731916   -0.0704237   -1.25517
0.0485603   2.46599   0.362587
0.533632   -0.551729   2.06475
0.527156   0.989525   0.709664
-0.690115   0.159324   -1.27515
-0.419242   -0.411835   0.0249379
1.56389   1.54395   -0.128775
0.497059   -1.47416   -0.723582
-0.834049   -0.620481   -0.462688
0.257456   -0.782991   -0.238869
-0.286836   1.04384   0.234834
0.176213   -1.05932   0.884726
0.610152   1.00263   -0.570186
0.514827   0.46394   0.93837
-0.665553   1.63402   0.529064
0.976903   -1.4346   1.10047
-0.0630604   0.62942   -0.999511
1.30965   0.113305   -0.623151
-0.119854   -0.166719   -0.689779
-0.885734   2.56618   -0.968664
-0.290634   0.962312   0.0253334
1.08988   -0.417419   -2.46038
-0.482347   0.624284   0.686799
-1.1148   -1.14649   -0.67808
