-0.00703311   -0.476766   0.32907
0.374617   0.249846   0.213286
-0.370292   -0.00833447   -0.10885
0.397682   -0.227066   0.0905726
0.458346   0.0880766   0.00375338
0.0133623   0.0294292   0.156011
-0.424671   0.144444   0.453284
-0.261608   -0.146978   -0.237995
0.384516   0.0627001   -0.400879
-0.166899   -0.143132   -0.0398045
-0.434825   -0.237989   -0.024817
-0.125834   -0.159348   0.279439
0.187577   0.113182   0.0784345
-0.306248   -0.271938   0.121447
-0.369894   -0.43416   -0.207691
-0.0380343   0.0930548   -0.329998
-0.208329   0.450225   -0.136852
-0.373948   0.166227   0.0630826
0.139049   -0.165279   -0.437476
0.0607095   0.305553   -0.292833
-0.277604   -0.499342   0.0845137
-0.187977   -0.444884   0.447585
-0.0963171   -0.391355   0.0738973
0.289981   -0.33142   0.216806
0.394314   -0.355482   -0.0912719
-0.435354   -0.234273   -0.474912
-0.332086   -0.266561   0.346494
0.0279864   -0.39591   -0.470164
0.163136   0.286602   0.38265
0.182439   -0.476459   0.432001
-0.238325   -0.352505   -0.0854173
0.257723   -0.467443   0.0149967
0.0359344   0.394298   -0.48022
0.370015   0.264656   0.439079
0.215648   0.324792   0.058411
-0.336775   0.34343   -0.263354
0.341604   -0.137426   -0.0940526
0.303399   -0.124176   0.371895
-0.491932   0.034905   0.261941
0.419627   -0.340153   0.367396
-0.438548   0.312338   0.352795
-0.236148   0.151052   0.445944
-0.0291039   -0.266591   -0.327468
0.199061   -0.147646   0.199093
0.246832   0.383874   -0.188881
0.15867   0.0878068   0.275813
-0.480611   -0.223089   -0.259689
0.033419   0.158571   0.492571
-0.253419   -0.247704   -0.446862
-0.113164   0.262197   -0.414268
0.0834999   -0.319272   0.155783
-0.361528   0.364081   -0.046994
0.218892   0.147242   -0.33512
0.084815   0.30403   -0.0987625
0.468379   0.415779   -0.190117
0.342137   -0.00930444   0.169981
-0.453875   -0.438623   -0.00982533
-0.390665   0.357551   0.142176
-0.0308596   -0.178225   0.0888708
0.173187   -0.220492   -0.000516829
0.32542   0.141038   -0.146628
-0.378712   -0.0387232   0.0984502
0.0298464   0.484562   0.0306497
-0.110996   0.340914   0.0211471
0.000913557   -0.273219   -0.0810523
-0.0360956   -0.470277   -0.231302
-0.312092   -0.0399154   0.339495
-0.214022   -0.355764   -0.284512
0.122663   0.108478   -0.13386
0.235358   -0.0477686   -0.279901
0.17899   -0.278021   -0.238342
0.216938   0.0181283   0.496284
-0.41186   0.20388   -0.145481
-0.0557677   0.0155625   0.377254
0.396618   0.459142   0.368943
0.47159   -0.057005   0.486747
0.352209   0.0894333   0.367875
0.485027   -0.172342   0.284646
0.423427   0.292485   0.0167112
-0.196529   0.0126296   0.0912898
0.44308   -0.016574   -0.221947
-0.415435   0.480125   -0.437009
-0.489868   -0.374639   0.177823
0.0973746   -0.0949582   0.367486
-0.127413   0.17089   0.210313
-0.120968   0.259468   -0.218172
-0.339587   0.171359   0.245425
0.215395   0.32108   -0.40974
-0.308866   -0.0363968   -0.417393
-0.0263803   0.00116215   -0.0383551
0.261603   -0.420754   -0.381849
-0.0861817   -0.265267   0.442466
0.156541   -0.279551   0.357382
0.440894   -0.421927   -0.281995
-0.219386   0.369824   0.255342
-0.225142   0.0588268   -0.256413
-0.179302   0.129301   -0.0606685
-0.277529   0.328078   -0.465068
-0.178317   -0.382598   0.250783
-0.407025   -0.467824   0.35764
0.400619   0.44772   0.14437
0.457522   0.331393   -0.383216
0.359744   -0.202963   -0.414409
-0.0988308   -0.0719941   -0.402898
-0.181488   0.45411   -0.365589
0.236057   0.460884   0.231507
0.0579064   0.292523   0.199511
0.0354213   -0.113141   -0.188343
