0.462876   0.441254   0.0982096
-0.109501   -0.430313   0.338439
0.164928   0.138047   -0.462261
-0.162185   -0.490087   0.0299718
0.0194319   -0.414721   -0.242228
0.251576   -0.350049   0.469921
-0.178923   0.0470544   -0.386625
0.137843   0.404367   -0.125762
0.449805   -0.494055   -0.336809
-0.317569   0.233864   -0.252495
0.187986   -0.248812   -0.459264
0.487842   0.13286   -0.392367
-0.38825   0.0124261   -0.389753
0.0991115   0.235696   -0.308157
-0.0512848   -0.172117   0.122986
-0.105051   0.461166   0.13787
-0.065946   0.238655   -0.446236
-0.00190538   0.443358   0.140028
-0.115897   -0.045996   0.197845
-0.294538   -0.127414   0.0653263
0.00842257   -0.204912   -0.0198257
0.239139   -0.183555   -0.377149
-0.332331   -0.0161306   0.306303
-0.104272   0.431103   -0.0393865
0.274743   -0.328287   -0.450563
-0.282272   -0.0528997   0.148494
-0.189973   0.111607   0.442356
0.0456015   -0.0408647   0.342765
0.357096   -0.284553   -0.414895
-0.474161   0.103211   0.101591
0.0340445   0.314148   -0.0995119
0.0868381   0.389903   0.135788
0.107055   0.0211056   0.36639
0.392975   0.152305   -0.0964995
-0.126349   -0.0280842   -0.146821
0.0306806   -0.058399   -0.454653
0.201218   0.429974   0.099674
-0.0537242   0.464921   0.448474
0.43845   -0.417675   -0.288551
-0.219334   0.252356   -0.253741
-0.383579   -0.492913   0.111345
0.322256   -0.360885   -0.207327
-0.230644   0.0427124   0.446934
-0.491876   0.149115   0.494128
0.283886   -0.354596   0.120477
-0.208671   -0.435779   -0.0310316
0.0559481   0.314848   -0.302696
0.24342   -0.257636   -0.0742739
0.405545   0.487783   -0.431334
-0.34201   0.395575   -0.187304
-0.324665   -0.174514   -0.190079
0.0784289   0.00266053   0.247683
-0.246749   -0.416158   -0.210589
-0.475667   0.261367   0.489929
0.246445   -0.464547   -0.208092
-0.383478   -0.0441989   0.433837
-0.456875   0.168376   0.0350103
0.390145   0.303547   0.123255
0.432989   -0.160311   -0.19726
-0.210821   -0.238284   0.464374
-0.0553217   0.492586   -0.465686
0.290399   -0.439858   -0.130629
0.26861   0.224112   -0.457036
0.180278   0.193507   -0.372356
-0.416816   -0.00566384   0.13794
-0.353322   -0.165572   0.187607
-0.220649   0.0261414   0.00719128
0.165736   -0.331592   -0.49067
-0.0965139   0.448002   0.0664123
-0.335644   0.176236   -0.0282129
-0.072076   -0.183138   0.463066
-0.0676701   -0.219991   -0.259168
-0.25375   0.40605   0.0124624
-0.467888   -0.446447   -0.398266
0.351782   0.124783   -0.488177
-0.317848   -0.386428   -0.0713418
0.206151   -0.0483036   0.105824
0.352052   -0.0249043   -0.139502
-0.38409   -0.24705   0.347662
0.40395   -0.385544   -0.490985
-0.0162318   -0.118703   0.417548
-0.101723   0.0187054   -0.335985
-0.313396   0.332759   -0.0151194
-0.495964   0.111843   -0.233673
-0.0538084   -0.337863   0.0884487
-0.0945597   0.00361232   -0.255162
0.476825   0.381817   0.157365
0.188239   -0.255222   0.372337
-0.371116   -0.0898335   -0.0426013
-0.459157   -0.241788   0.308375
-0.243747   -0.00530504   -0.111865
-0.433163   -0.428694   -0.323478
-0.341152   -0.127387   -0.488689
-0.357715   0.316431   -0.29076
-0.328161   0.0800067   0.427495
0.160252   -0.435734   -0.446147
-0.078672   0.216653   -0.269181
0.0321802   -0.0134422   0.114621
0.451824   0.0943772   0.0613791
0.303862   -0.324663   -0.351821
-0.286258   0.256212   -0.479149
-0.166879   -0.0675792   0.264665
-0.260231   -0.123425   0.459821
0.439629   -0.0617038   -0.0541527
0.142806   -0.107963   0.340353
0.395905   -0.247104   0.144211
-0.0875188   0.344739   0.21857
-0.15015   0.280717   -0.105889
