0.321646   0.293627   -0.195969
-0.0958801   -0.293052   0.366444
0.352065   -0.499943   -0.373367
-0.481103   -0.493403   0.487557
0.0630109   -0.472384   0.443544
-0.0485005   -0.366935   -0.136006
-0.249261   -0.236151   -0.165619
-0.0572973   -0.305674   -0.380135
-0.253955   -0.302933   -0.410547
0.231189   -0.37337   -0.46901
-0.0893668   0.420296   -0.0884908
0.426247   0.10673   -0.102634
0.440601   -0.320154   0.486254
-0.434631   -0.289988   -0.326535
0.484685   0.00336254   -0.303517
-0.301143   -0.0558332   -0.364144
0.0935525   -0.103533   -0.366083
-0.00812953   0.105597   -0.463637
-0.320617   0.241737   -0.478239
0.153115   -0.339474   -0.272909
0.317718   -0.176013   0.422826
-0.174292   0.167351   -0.356618
0.123408   -0.148112   -0.122932
-0.403646   -0.497743   -0.321599
-0.481974   0.378626   0.310522
-0.351931   0.144732   0.233511
0.0458456   0.180629   0.263463
-0.433466   -0.00629475   0.493722
-0.242479   0.31783   0.348206
-0.0504505   0.367097   0.182396
-0.123433   0.251709   0.0156544
0.0581133   0.449069   -0.250251
0.205734   0.193096   0.490449
0.29433   0.231764   0.287306
0.182601   0.386491   -0.41743
0.393445   0.164629   -0.408237
-0.240784   -0.356274   -0.00415433
-0.188941   -0.414452   -0.266267
-0.498401   -0.218093   0.055159
0.440018   -0.426364   -0.173542
0.0518595   0.0620251   -0.230041
0.302379   -0.243779   -0.145323
-0.0399492   -0.446854   0.135798
0.0929858   0.447477   -0.0328955
0.117701   0.251443   -0.129781
0.308713   -0.49682   -0.0201262
-0.472917   0.328914   0.0917259
0.499645   0.394902   -0.11278
-0.382042   0.121972   -0.229177
-0.367318   0.243399   -0.0570736
0.308929   -0.304694   0.0486438
0.0422868   0.106744   0.00453327
-0.186547   0.0184418   -0.223622
-0.0567983   -0.114771   0.032565
-0.0748793   0.222679   -0.188598
0.141623   -0.122069   0.0817335
0.288882   -0.0128209   -0.452418
0.325236   -0.216114   -0.383974
0.346465   -0.125186   0.175108
-0.440532   -0.0686419   0.193152
0.206907   0.0848942   0.142929
-0.460703   0.29247   -0.279743
-0.219924   0.351811   -0.236657
-0.309419   0.478686   0.190846
-0.0283529   0.413073   -0.437311
0.124047   0.21612   -0.324573
-0.296284   0.435377   -0.0664501
0.225671   0.0277153   -0.0501057
0.414218   -0.0751899   -0.0641489
-0.16342   0.18704   0.211167
-0.113564   0.0351313   0.335373
0.302493   -0.0533784   -0.232766
-0.292979   -0.308023   0.180503
-0.293102   -0.145103   0.0209917
0.297114   -0.339236   0.304562
-0.464371   -0.229517   -0.142829
-0.0465289   -0.257991   0.176322
0.0859159   -0.333407   0.0450233
-0.347833   -0.0631082   -0.144139
-0.100017   0.496276   0.344879
0.114127   0.366011   0.342906
0.351919   0.428639   0.173059
0.0565171   -0.226951   0.475974
0.322775   0.479749   0.369631
-0.470227   -0.233937   0.323213
-0.200031   0.0258229   -0.0143855
0.462878   0.191947   0.403523
-0.223391   0.488269   -0.449644
-0.0910489   -0.156871   -0.239676
-0.353962   -0.397399   -0.146892
-0.261882   0.0533206   0.464593
0.13396   -0.197508   0.289015
0.170972   -0.487197   0.22318
0.346038   0.239094   0.0323676
-0.113309   -0.10112   -0.471283
0.161176   0.0117764   0.396314
-0.410094   0.0392868   0.0209027
0.484042   -0.389203   0.200909
-0.30129   -0.379729   0.368231
0.461272   0.135957   0.211062
-0.262193   -0.17961   0.372289
-0.454321   -0.425858   0.0225174
-0.193895   -0.0513109   0.185452
-0.0789463   0.259133   0.423779
0.0312083   -0.0212539   0.207076
0.37001   0.010873   0.335063
0.178167   0.279559   0.125074
0.366314   0.343583   -0.491705
