-0.347808   -0.321942   -0.492576
0.296257   -0.340762   -0.387139
0.163707   -0.415424   -0.227209
-0.494042   -0.334178   -0.331325
-0.139722   0.484729   -0.412107
-0.0458322   -0.348333   0.376907
-0.455291   -0.201389   0.282604
-0.399343   -0.463945   -0.141728
-0.495968   -0.424037   0.205275
0.448227   -0.339413   0.469959
-0.0284296   -0.365124   -0.165512
0.378657   0.223671   -0.344838
0.399481   0.100001   0.450829
-0.287511   -0.0211846   -0.220749
0.336759   0.133547   -0.125932
-0.283115   -0.140751   -0.440132
-0.0779394   -0.0290303   0.291339
0.0708317   -0.0703957   -0.344406
-0.289312   -0.280356   -0.299059
-0.0484763   -0.0858199   0.494086
0.238438   -0.0101044   0.491093
-0.328726   0.169085   -0.305116
-0.0499988   0.0229143   -0.135753
0.0783034   -0.193983   -0.156011
-0.241624   0.0348077   0.396002
0.0318446   0.21713   -0.154552
-0.413524   0.166904   0.459777
-0.208854   0.202159   -0.483635
-0.101005   0.0518275   -0.369569
0.376635   0.330504   0.456682
0.138178   0.358886   -0.295217
-0.155049   0.13379   0.242475
0.218727   0.137196   0.322797
0.182729   0.163211   -0.454916
-0.0436631   0.283473   -0.361788
-0.363559   0.353732   -0.432281
0.358731   -0.44334   -0.179103
0.0187653   0.419313   -0.143613
0.249098   -0.136605   -0.029696
-0.317508   0.493551   0.0787754
-0.292658   -0.221815   -0.0511319
-0.161168   -0.311976   -0.468868
0.109686   -0.317438   -0.0216183
-0.298516   0.307432   0.356878
0.241881   0.477454   -0.439008
0.300403   0.34445   -0.155405
-0.212805   0.375079   0.197944
0.439871   -0.31108   0.0395058
0.208292   -0.156914   0.175442
-0.419957   0.132849   -0.114858
0.483874   -0.126352   0.0816735
-0.495281   -0.251242   -0.146405
-0.32347   -0.47025   -0.354336
0.496358   0.044954   -0.34437
-0.315726   -0.247813   0.132707
-0.0928877   -0.203471   -0.315332
0.0454573   -0.114571   0.0458237
-0.424781   -0.145373   -0.291084
0.140752   0.0868802   -0.0289835
0.146477   -0.371575   0.368958
0.320947   0.0239657   0.100203
0.451876   0.44611   -0.342958
0.161434   0.095627   -0.248699
-0.414009   0.321031   -0.0228324
-0.0235827   0.299468   0.0572955
-0.361333   0.206797   0.152397
-0.300088   0.346142   -0.213731
-0.197487   -0.466141   -0.196921
0.00517127   -0.495916   0.0668913
0.128535   0.377378   0.192968
0.490553   0.290073   -0.190228
-0.0425696   0.0446386   0.0821813
-0.211526   0.134824   0.0175175
0.467893   0.475018   0.021
0.3227   0.432791   0.168023
-0.301908   -0.450993   0.275384
-0.465135   0.362409   0.205165
0.0833225   0.359015   0.407587
-0.137668   -0.384205   0.172835
0.246282   0.441452   0.339082
0.252053   -0.207249   0.463516
0.20927   -0.486901   -0.0579154
0.0692456   -0.332043   -0.419619
0.468726   0.185596   0.0587987
0.338245   -0.311467   0.305337
-0.320549   -0.02586   0.190038
0.353745   -0.0958676   -0.253686
-0.208464   -0.1873   0.359591
-0.104246   -0.171333   -0.0858486
-0.179717   0.3828   -0.0330745
0.0212684   -0.267671   0.212824
-0.185411   -0.375128   -0.0116724
0.246295   -0.356214   0.137986
-0.437127   -0.0648951   0.436418
-0.0255315   0.472516   0.265732
0.128762   -0.11182   0.351005
0.339972   -0.0529377   0.303204
-0.466442   0.479741   0.432765
-0.478979   0.0809692   0.273902
0.424885   -0.143617   -0.461987
-0.163777   0.182301   -0.179995
-0.400694   -0.0687822   -0.0545098
0.010705   0.104356   0.431205
-0.0959562   0.283244   0.361251
-0.139632   -0.133079   0.09151
0.353105   0.208736   0.2159
0.248892   0.244282   0.0390887
0.0362254   0.201385   0.21982
