-0.23306   0.137063   -0.00974193
0.171195   -0.0433283   0.175643
0.10039   -0.060999   -0.152665
-0.183384   0.0633439   0.379401
0.0132847   0.0189629   0.238591
0.0375936   0.192003   -0.345875
0.485701   -0.227348   0.25691
-0.116347   -0.1635   -0.466158
-0.227692   0.382261   -0.147275
-0.344095   -0.342877   -0.296846
-0.352006   -0.418943   -0.349631
0.22144   -0.187154   -0.283105
0.106983   0.479094   0.348152
-0.464627   0.00179986   -0.0792689
-0.176276   -0.340889   -0.335113
-0.175773   0.114367   0.218351
-0.201595   -0.158909   0.26519
-0.403026   -0.176252   -0.319105
-0.116498   -0.368592   -0.383968
0.24665   0.48858   0.483463
-0.266139   -0.335342   -0.367009
0.148472   -0.338515   -0.364148
0.00826115   -0.293204   -0.470356
0.0870443   -0.472584   -0.34762
-0.294891   -0.146326   -0.261183
0.297528   -0.311013   -0.245213
0.388172   -0.236483   0.273894
0.366086   -0.105041   -0.0993827
0.159236   0.286324   0.480872
-0.227522   -0.337131   0.17327
0.0578034   -0.00599371   0.470023
0.257393   0.250152   0.22734
0.396797   0.162831   0.113715
0.308917   -0.215573   -0.217642
0.0418664   -0.457625   0.263273
0.183147   0.00691298   -0.234979
-0.467465   -0.130022   0.285708
-0.375065   -0.0784496   -0.277038
0.120357   0.370001   0.443907
0.412194   0.165839   -0.434478
0.385502   -0.473051   -0.290009
0.219408   0.240403   0.0967988
0.0274181   -0.374171   0.467485
-0.216656   -0.0134321   0.247826
-0.0654453   0.327509   0.134557
0.438165   0.366995   -0.462583
0.0441952   0.469276   0.18856
-0.23563   -0.213519   0.378345
0.146986   -0.460201   0.311508
-0.322093   0.352498   -0.0666944
0.489466   0.0966419   0.235073
-0.101377   0.309709   0.347265
0.272954   0.361283   0.284876
0.215502   -0.0672612   -0.294987
0.0725676   -0.490941   -0.241812
0.384406   0.19047   -0.00413273
-0.0784369   -0.189168   -0.321272
-0.168307   -0.288965   -0.443178
0.0605645   -0.256461   -0.199048
0.451176   0.291019   -0.279346
-0.0230916   0.197557   0.0184597
0.275436   -0.450368   -0.387113
0.00482958   -0.002166   0.0293314
0.378744   -0.277611   0.423578
0.0106319   0.378444   0.102908
-0.156641   0.344856   0.446349
0.397395   -0.41197   -0.437355
-0.0172206   -0.445584   -0.364462
0.0358392   -0.365714   0.144126
0.0339426   -0.235179   0.133494
-0.00486989   -0.460751   -0.473184
-0.373214   0.0811186   0.172159
-0.303926   -0.147804   0.277482
0.137729   0.331479   -0.42315
-0.307014   -0.365668   0.0498028
-0.228737   -0.234545   0.143566
-0.24321   0.322723   0.494875
0.411149   0.0487474   -0.307866
0.239412   0.0606587   -0.498287
-0.233861   0.113566   0.0946368
-0.0669535   -0.315272   0.195769
-0.108375   0.141296   0.354781
0.325558   -0.423888   -0.251116
-0.136461   -0.0804824   0.493561
0.110587   -0.0935051   0.129565
-0.267975   0.0728915   -0.498636
-0.208996   -0.188315   -0.272408
0.113975   -0.341968   -0.194732
-0.0877511   -0.299328   -0.0402281
0.487005   -0.128726   -0.430383
-0.425674   -0.0411778   0.435305
-0.269332   0.0627028   -0.0764083
-0.30869   -0.0904637   -0.200954
-0.00920938   -0.242615   -0.362881
0.207152   -0.359775   0.283858
0.492647   -0.486024   0.461684
0.293141   -0.171315   -0.34198
-0.114624   0.0357782   0.226896
0.362994   0.368558   -0.430234
-0.426132   0.482404   0.165526
0.391342   0.0914024   0.279138
-0.0710952   0.234518   0.0816122
-0.0765236   -0.385196   -0.290234
-0.14569   -0.127044   0.171392
0.267327   0.496956   0.391034
-0.0487721   0.155864   -0.412467
0.245056   0.181148   0.148798
0.430733   -0.376289   -0.354739
