-0.298713   -1.72367   1.99632
0.44852   -0.859889   -0.528497
-0.657068   2.46955   -1.13993
0.401488   -1.12941   0.148409
-2.40634   -1.7383   -1.67883
0.632876   1.27672   0.473569
0.0797977   -2.88817   -0.0588735
0.714713   0.353409   -0.377527
-2.94386   0.641441   0.469592
-1.34057   0.150525   -3.35171
-2.22977   0.871676   -0.242003
-0.37618   0.116712   -0.857842
0.819095   -0.27539   -2.37645
-0.690071   2.52319   0.535872
-1.64296   1.64683   -0.582775
-1.07007   0.144658   0.949666
1.99973   2.03302   1.75853
0.56601   -1.65973   -0.28042
-0.775889   0.261493   1.26109
0.114462   1.29754   -0.181738
-0.0880269   0.612312   1.43187
1.14579   -0.257467   -0.562175
1.10443   0.656331   0.65487
-0.0863283   0.150435   -0.452504
-0.107702   1.16834   -1.17032
-0.492717   1.05855   0.716552
1.17959   0.337475   0.274378
0.722858   -0.323844   0.420535
-0.407699   1.5912   1.3499
0.0400906   -0.000596505   0.604297
0.9919   -1.12901   0.3915
1.12944   -1.22173   1.33702
-2.21202   0.505899   -0.572481
0.395203   -0.722867   0.805712
1.42535   -0.479072   -1.27794
-0.68761   1.02699   0.911581
-1.08796   -0.0408617   1.3608
-0.145336   1.06224   -0.75803
-0.109749   -1.43414   2.08235
-1.22334   -0.61638   -1.89499
-1.35236   1.20107   0.141545
0.377363   -0.405543   0.345479
-0.608281   -0.133545   -0.284497
0.523228   0.26619   -0.348532
-0.824657   0.443472   0.323733
-0.569008   0.422475   -0.792367
0.992123   -1.10369   0.114866
-0.733339   1.40005   0.480673
0.807401   -1.04316   -1.05119
1.70503   -0.246249   -0.955557
-1.93901   -0.00380519   0.284662
0.073732   1.05811   1.38678
-0.939064   -1.2278   0.317144
-1.42416   -1.97933   -0.187077
1.86253   0.954871   0.678679
0.260903   0.124476   0.877774
0.984107   0.638112   -0.115571
-1.02759   -0.406416   -0.207945
-0.342705   -0.375344   -0.602785
-1.37479   -0.319731   0.462392
-0.318941   1.17193   -1.47054
0.178364   -0.604164   0.961647
1.43355   1.15179   1.27316
0.89746   -1.59085   -1.44031
-1.11121   -1.68227   -0.739903
-0.0495989   -0.320778   -0.753939
1.75817   -0.331485   0.942643
0.421037   -0.601859   2.56093
-0.364482   -0.560446   -0.689815
1.03675   -0.869705   -0.369625
-0.666562   0.0983073   -2.74196
-0.548715   -0.125606   0.35646
-0.397609   1.0679   -0.432652
1.10802   -1.06088   -1.24087
-1.43578   0.67352   -0.882153
0.500839   -1.2264   1.72068
0.633409   2.13374   -0.191713
1.26395   0.205758   -1.39488
0.968115   0.853096   1.26941
2.67745   -0.899267   0.566876
0.796462   1.10625   -1.24865
1.12732   -0.282451   -0.353479
0.23347   0.0561653   -0.429012
0.915228   -0.775966   0.276862
0.528824   0.854199   -0.673976
1.29608   1.30376   -1.16234
0.206986   0.862932   -0.331853
-2.54077   -1.03842   2.70043
0.221174   -1.2377   0.309461
0.677133   0.612987   0.54628
0.618166   0.231974   0.302691
-2.77513   -0.486516   -0.532935
0.696587   -2.00711   -1.00699
1.0675   -0.113719   2.79362
-0.618749   -0.0318   -1.1748
-0.164862   -1.5628   -0.466583
-1.47041   -1.31526   -1.32546
0.324327   0.949204   -1.36199
1.98433   0.379004   -1.2549
0.508642   0.975993   -0.2713
-0.320778   -1.69951   1.06961
-0.297184   -0.874475   2.12336
-1.96889   -0.939382   -0.0235668
0.514081   0.79483   0.35287
0.760403   -0.762339   2.14708
0.645945   -0.0111968   -1.16265
0.627345   1.69228   -0.883084
-0.860261   1.11652   1.28026
