0.25709   0.0645071   0.32312
0.45492   0.254943   -0.404611
0.405984   -0.147479   -0.069374
-0.410072   0.127871   0.17575
-0.492454   -0.136747   0.00423321
0.328182   -0.310134   -0.109818
0.427803   0.470235   -0.0079169
0.192945   -0.440884   0.0317842
-0.455372   -0.184094   0.40206
0.316954   0.281893   -0.345254
-0.359867   -0.390905   -0.222744
-0.0884715   -0.252784   0.0167771
-0.23716   -0.244463   0.402094
-0.470664   0.0796749   -0.222732
0.273776   -0.40232   0.0825905
-0.0938632   0.193791   -0.0413947
0.131942   -0.443952   0.348265
-0.45407   -0.152605   -0.285039
-0.0566343   -0.109789   -0.128057
-0.0502166   0.0917392   -0.120398
-0.211018   0.0123875   -0.190899
0.0637031   0.200637   0.274187
-0.387173   -0.373007   -0.442161
-0.280627   -0.356064   0.0510742
-0.076457   -0.362417   -0.310835
-0.34536   -0.453888   -0.151878
0.337456   0.220683   0.31214
-0.392635   -0.381179   0.45942
0.0506758   0.252398   0.207067
-0.347062   -0.153175   -0.458795
0.0626483   0.304251   0.454483
0.351277   0.0424545   0.172009
0.162629   -0.0744647   0.409829
-0.494281   0.427797   0.0847053
0.0393281   -0.00214709   -0.182507
0.228959   0.159438   0.0961469
-0.368857   0.207529   0.194529
0.331957   0.0271532   0.400047
0.13909   0.487899   -0.122849
-0.152929   -0.057713   0.14133
-0.439855   -0.193195   -0.410039
0.0644789   0.104725   -0.176451
-0.47691   -0.118716   -0.452548
-0.0019408   -0.274387   0.0106851
-0.256243   0.448932   0.140223
-0.243714   0.0630237   -0.380737
0.339612   0.216636   -0.401723
0.0719974   0.419931   0.0854222
0.481818   0.119443   0.347226
-0.249584   -0.315886   -0.231573
0.447909   0.207366   0.325257
-0.483269   -0.295047   0.265139
-0.31396   0.107456   0.413958
-0.240067   0.20183   -0.144251
0.0367357   0.0417028   0.0299462
-0.294635   0.367365   0.112364
0.178966   -0.215106   0.30897
-0.244086   0.103256   -0.140413
0.11005   0.290049   -0.482557
-0.00488999   -0.311628   0.458124
0.262304   -0.155649   0.40229
0.242937   0.259996   0.346857
0.0568952   -0.350064   -0.031694
0.421969   -0.394119   0.15621
0.0331656   -0.281499   -0.0768285
-0.12127   -0.0922853   -0.0665515
-0.480063   0.441075   0.490626
0.396755   -0.19294   0.0291395
-0.0928761   -0.437991   0.456448
0.297471   -0.371194   0.371394
0.433894   -0.346621   -0.0699415
-0.411775   -0.254005   0.234915
0.32985   -0.209046   -0.0563156
-0.328546   -0.473409   -0.0582421
0.0418295   0.264925   -0.369653
-0.0154842   -0.426178   -0.309055
-0.325639   -0.258686   -0.443258
-0.256596   0.072139   0.334452
-0.0863793   -0.0297725   0.189563
0.340082   -0.390384   -0.320609
0.210556   -0.144847   0.481135
0.327014   0.070353   0.0923225
0.252225   0.0324422   0.0032413
0.454118   0.497688   0.0728952
0.221951   0.0626209   0.0632832
-0.367   -0.243042   0.481383
0.00656495   0.332916   -0.12058
-0.0983061   0.442134   -0.462999
-0.382311   -0.263775   0.404265
0.0743867   -0.400353   -0.139682
0.427601   -0.457753   -0.0655992
-0.094576   -0.115469   0.195646
-0.311405   -0.298049   0.226991
0.21977   0.070974   -0.184121
0.453758   -0.115183   -0.409818
-0.266741   0.0879718   -0.0290725
-0.424808   0.12478   -0.306702
-0.317213   -0.21434   0.0030944
0.0143392   0.0183995   -0.100161
0.0815671   0.185784   0.151647
0.148762   -0.133523   -0.207904
0.460882   0.126535   -0.167922
-0.184161   0.37103   0.0835272
-0.0593131   0.318623   -0.30497
-0.0740303   -0.347761   0.396073
-0.219506   0.294985   0.0351064
-0.15411   -0.417081   -0.161188
-0.451748   -0.338245   0.208346
