-0.341093   0.259429   0.492553
-0.167949   0.432221   -0.479966
-0.330293   0.432717   -0.343517
-0.179242   0.277193   -0.345609
0.00480639   0.257648   -0.491589
0.161965   0.416499   -0.494962
0.0119292   0.435912   -0.319084
0.166237   0.263767   -0.316904
0.332023   0.281338   -0.492665
0.492099   0.433296   -0.472743
0.334253   0.44931   -0.30866
-0.475675   0.259217   -0.324792
-0.337446   -0.409845   0.490995
-0.183246   -0.234784   0.497534
-0.339397   -0.232203   -0.327146
-0.168408   -0.400624   -0.330745
-0.0128764   -0.392627   0.497979
0.167282   -0.229526   -0.49161
-0.0214997   -0.234633   -0.345058
0.170183   -0.39427   -0.362028
0.3587   -0.403399   -0.498009
0.49634   -0.215347   0.495915
0.326865   -0.247869   -0.332288
0.498021   -0.398294   -0.317072
-0.33413   -0.0533722   -0.495825
-0.173858   0.0983696   0.497828
-0.326849   0.110082   -0.342029
-0.178616   -0.0801125   -0.329835
0.0060381   -0.0560419   0.497355
0.177248   0.10352   0.491595
-0.0114068   0.105348   -0.321602
0.167979   -0.0679527   -0.325314
0.334091   -0.0643754   -0.486546
0.496944   0.112439   0.499251
0.329838   0.109671   -0.346414
-0.496826   -0.0708228   -0.339359
-0.325662   0.26254   -0.153354
-0.165141   0.447248   -0.183993
-0.347208   0.414811   -0.0134496
-0.177607   0.268783   0.000821559
-0.0194323   0.261657   -0.167351
0.171803   0.430411   -0.160305
0.000741891   0.401972   -0.00209512
0.169521   0.260121   0.0156132
0.336666   0.252745   -0.16743
0.498943   0.425219   -0.180849
0.340641   0.425609   0.0020458
0.492753   0.260167   -0.00499286
-0.327511   -0.411055   -0.174113
-0.181868   -0.255459   -0.157907
-0.319591   -0.249787   0.017663
-0.172038   -0.410863   -0.00510274
-0.0126847   -0.394154   -0.16796
0.16853   -0.221454   -0.17631
-0.0249119   -0.239046   -0.000906218
0.145909   -0.382747   -0.0230788
0.335357   -0.392114   -0.15575
0.491965   -0.236253   -0.146533
0.302536   -0.224955   -0.0101706
-0.498786   -0.401994   -0.00136338
-0.345809   -0.0611381   -0.179504
-0.173061   0.0948036   -0.160451
-0.339425   0.0940422   0.00390891
-0.194092   -0.0642107   -0.00647173
-0.00962092   -0.0651444   -0.166218
0.151062   0.087338   -0.146449
-0.0262375   0.093456   0.000497466
0.163599   -0.0570664   0.0232394
0.339651   -0.0729839   -0.183503
0.494082   0.0924027   -0.17703
0.318964   0.0894904   -0.00671203
0.49707   -0.0634584   -0.00167226
-0.347132   0.270176   0.161454
-0.19314   0.43208   0.15655
-0.332091   0.437262   0.344483
-0.193084   0.254024   0.328878
-0.0114724   0.263662   0.165699
0.17967   0.451939   0.148364
-0.0222959   0.419528   0.325672
0.162406   0.26828   0.327116
0.336074   0.255864   0.146363
0.489531   0.431197   0.167271
0.33293   0.432827   0.356193
-0.49666   0.261648   0.33332
-0.346406   -0.407483   0.167581
-0.16266   -0.24384   0.175369
-0.340902   -0.23526   0.329984
-0.175322   -0.400746   0.33322
-0.00153885   -0.417434   0.17403
0.135189   -0.226827   0.167063
0.00468088   -0.229856   0.345536
0.167428   -0.394662   0.336995
0.318952   -0.393467   0.163434
-0.498964   -0.239971   0.16904
0.322332   -0.226724   0.315591
0.487349   -0.384013   0.333118
-0.339084   -0.0791749   0.169
-0.182985   0.0886433   0.17569
-0.337792   0.101851   0.332495
-0.176197   -0.0642085   0.33803
-0.0247502   -0.0618275   0.151829
0.166703   0.102206   0.170684
-0.0123601   0.110152   0.335502
0.163053   -0.0582683   0.320506
0.331722   -0.0647144   0.163415
0.477231   0.0844509   0.161295
0.33282   0.102327   0.328933
0.498407   -0.0644089   0.331109
