-0.332532   0.0363992   -0.367923
0.417867   -0.276343   -0.409666
-0.135738   -0.497964   -0.0518379
0.304228   -0.0167367   0.115633
0.247856   -0.328566   -0.112787
0.0575801   0.374813   -0.054661
-0.159627   -0.16122   0.25918
0.393752   0.209237   -0.225679
-0.426784   -0.187169   -0.134554
0.0504854   0.278782   0.217624
0.426355   0.142493   0.193814
0.39436   -0.451117   -0.0154408
-0.297986   0.433987   0.31963
0.42004   -0.304614   0.233379
0.0714635   0.0709785   -0.17036
0.451916   0.05545   -0.401605
0.0110171   -0.354383   0.230763
-0.48896   0.305155   -0.348618
0.380355   -0.0824236   -0.0585633
0.169371   0.42552   0.295742
-0.149657   -0.150425   0.463684
-0.196148   -0.305678   -0.290549
0.0575627   0.214333   -0.339107
0.16161   0.0901412   0.223191
-0.124533   0.0535478   -0.231589
0.484659   -0.33444   0.430481
0.0335484   -0.268962   -0.000291752
0.170481   -0.130542   -0.212656
0.190783   0.494681   -0.145596
0.012951   -0.198721   0.366922
0.262522   0.119723   -0.108277
-0.377387   -0.272434   0.198648
0.356627   0.49484   -0.383908
0.207012   0.306453   -0.261707
0.293719   0.367688   -0.0609143
-0.0285929   0.457787   -0.224663
0.0405532   0.183929   0.0413273
-0.22194   -0.450071   0.187537
0.15816   -0.44047   0.0869163
-0.0248427   0.0537981   -0.478831
-0.22541   0.0452806   0.456235
0.246607   0.347138   0.481784
0.308522   -0.0956543   -0.474316
0.47781   -0.0875565   0.172924
-0.23105   -0.477733   -0.489647
0.442575   -0.360708   -0.227983
-0.172694   0.19415   -0.381503
0.20221   -0.327146   -0.366483
0.26176   -0.13995   0.277183
-0.349402   -0.0992778   0.270111
0.452306   0.227179   0.411548
0.0136023   0.033636   0.332706
0.113376   -0.0688449   -0.010846
0.455987   -0.136981   0.393979
0.331078   -0.458789   0.41918
-0.419724   0.266936   -0.144263
-0.12452   -0.336589   0.406089
-0.460168   0.0631696   -0.185841
-0.0497779   0.458216   0.35754
-0.051268   0.376507   -0.454175
-0.333074   0.238889   0.332223
-0.445615   -0.463131   0.103016
0.113547   -0.429517   0.400125
-0.0610352   0.236526   0.411521
-0.462805   -0.453942   -0.3863
-0.362314   -0.395268   -0.228284
0.481671   0.450307   0.313594
0.00686283   -0.105296   0.160374
0.0035658   -0.360951   -0.422633
0.408217   0.426567   -0.207372
-0.429605   0.309978   0.180538
-0.088539   0.0132433   0.00491553
0.489613   0.365839   0.00408793
-0.00451069   -0.146936   -0.381492
-0.202353   0.337625   0.154645
-0.36176   -0.13187   0.49578
0.235214   -0.387007   0.253621
0.441091   0.148855   -0.018507
0.477793   -0.244698   0.04567
-0.145665   -0.27402   0.0915092
0.211404   0.269719   0.0900713
0.386707   -0.0979596   -0.282232
0.223463   0.0405914   -0.319154
0.288409   -0.232342   0.076683
0.0619909   -0.328181   -0.193087
-0.0347494   0.454757   0.148832
0.299412   0.254512   0.282031
-0.268719   0.114705   -0.057045
-0.45769   0.0635687   0.343794
-0.271165   -0.0919479   0.044632
-0.101215   0.237177   -0.164956
-0.122738   -0.314068   -0.110576
-0.279111   -0.0597116   -0.189434
-0.314377   0.416   -0.286635
0.353593   0.456432   0.168769
0.12478   0.452492   -0.373506
0.26564   0.159416   -0.451708
0.30882   0.0505719   0.339313
0.236426   -0.264957   0.448753
-0.0702628   -0.134775   -0.156428
-0.35962   0.0832258   0.163905
-0.340028   0.459765   -0.0552667
0.152935   -0.0676568   0.406151
-0.307804   -0.319992   0.373539
-0.385101   -0.228186   -0.3326
-0.352899   0.3266   -0.493224
-0.165555   0.120279   0.27169
-0.326788   -0.335425   -0.0182005
