-1.23155   0.581649   0.0417684
-0.794944   -2.62316   -0.518948
0.65094   -0.530923   0.172702
0.433455   -1.85833   0.0472755
1.46199   1.23514   -0.830756
-0.634094   -1.97928   -0.41938
0.326829   -0.737169   0.120384
-1.0978   -0.0589049   1.19054
-1.76721   -1.52918   -0.329054
-0.39969   -0.148961   -0.789203
-1.00031   1.50278   -3.48767
-2.0724   1.22829   0.59817
-1.68431   2.29593   -0.185676
-0.122228   -0.11516   -1.07967
-0.0256843   1.32316   -1.33119
0.886401   2.14505   -0.467972
-0.6541   0.777626   1.07805
0.785631   0.851044   -0.0502719
-0.980733   -0.857141   -0.763113
0.455958   -2.16852   0.693357
0.263012   -0.389656   0.509295
-0.19097   -1.36024   0.705762
-1.17101   0.540906   -0.379948
2.12053   0.367286   1.00453
-0.532003   0.882853   -3.15856
-1.46709   -0.0550643   -0.00552044
0.565547   -0.881066   2.10251
1.49953   0.209546   -0.190729
0.0322491   -0.993596   -0.730039
0.525496   0.828652   0.600959
-0.699829   -0.50729   -0.669724
1.23847   -1.04231   -0.474583
1.76863   -0.297097   0.0300773
-0.0690971   0.228988   -0.737972
1.15928   -0.760428   -0.0876691
-0.440959   -0.0108966   -0.530418
0.758077   -0.930022   1.25243
0.525168   0.884455   1.24562
0.219917   0.284666   2.23058
-0.0335584   -1.65512   -0.969542
-0.641378   0.362473   1.75713
0.395459   0.374585   1.30015
0.289027   -1.44808   0.290539
1.51082   -1.10713   0.159356
-0.303924   -0.514042   -0.345956
-2.01971   1.79465   -0.41447
-0.59835   -0.689265   0.653873
1.67727   -0.404981   0.129249
1.4837   0.0361169   0.789077
0.0609275   -0.57211   -0.833415
-1.05886   -1.26691   -0.00931256
-0.916516   1.54519   1.06133
0.251689   0.07679   0.282698
-1.05922   -0.148809   -0.178432
-0.6659   -1.39715   0.0556734
-0.146873   -0.215695   2.9817
0.105919   0.717893   -1.59887
-1.2663   2.53651   7.22679e-05
-0.651794   0.2779   -0.909112
-0.237034   -0.433809   0.521384
0.598663   -0.327557   0.287179
1.85809   1.04391   -1.77793
-0.236682   -0.0254839   0.226692
-0.421098   0.97795   -0.219847
0.590864   -1.4142   1.60084
-0.767229   0.971769   -0.209498
-1.64873   -0.118468   0.256375
0.0565667   -0.22121   0.101299
1.60465   0.303335   -0.729141
-0.962038   0.869588   0.972572
-1.96329   0.456005   -0.478161
-0.384705   0.143226   -0.0478336
-0.421786   0.39299   1.92712
0.34566   -0.157027   1.03351
-1.92415   1.35756   1.21624
0.244134   -0.191448   -0.763284
-0.271582   0.562096   -1.01701
0.244509   1.45422   -0.515301
-0.867483   0.274446   2.23988
-0.395476   2.30313   0.0821092
-2.15515   -0.560392   0.314828
-0.382528   -0.0783413   0.896032
1.82711   0.358961   0.1695
0.747733   -0.0937742   -0.507528
0.556154   0.202242   0.301681
0.843178   -2.00704   -0.436739
2.10795   0.501326   -2.70871
0.455479   -0.342842   1.11258
-1.778   0.55673   -1.44342
0.326043   -0.126759   -0.625477
-1.24971   -1.18265   -0.650231
-1.01737   0.798774   -1.24579
1.13021   0.640107   -0.417565
-0.122004   -1.38312   -0.871858
1.23551   -1.51888   -0.779057
0.455357   -0.00895539   1.00261
1.32616   1.50832   0.463436
0.894775   -0.709951   -1.5614
-1.30619   -0.51505   0.303655
0.1346   -0.189442   -0.734179
2.53255   0.20036   0.433242
0.999818   -0.369219   -0.327737
0.376729   0.47833   0.355288
1.12747   -0.569564   1.76435
-1.21711   1.08661   0.340078
0.332605   1.65751   -1.42184
1.19428   1.61638   0.38149
0.52897   -2.80712   0.577887
