0.381888   0.409905   0.367392
-0.469245   0.0408968   -0.10787
0.291536   -0.173196   0.495542
0.0470828   -0.458591   -0.245765
0.38272   0.183531   0.445295
-0.271036   0.117259   -0.373688
0.425531   0.450968   -0.104652
-0.489824   0.498388   -0.458217
-0.164003   -0.217096   -0.293617
-0.342071   -0.341749   -0.114492
-0.131567   -0.0752552   0.120219
0.469316   0.106547   -0.291014
0.483622   -0.127657   0.423771
0.0832522   0.383143   -0.123044
0.023444   -0.218367   0.217623
-0.264435   0.29009   -0.456159
-0.15291   0.143313   0.0577043
0.156144   0.167482   0.295055
-0.111964   -0.1067   -0.476426
-0.484693   -0.45771   -0.258909
0.0668399   0.366689   -0.377713
0.388505   0.242523   0.249998
-0.194406   0.12178   0.404261
0.295242   -0.370535   -0.210281
-0.0841621   -0.069056   0.334914
0.0784368   -0.123663   0.0602434
0.290913   -0.0927799   0.155707
-0.305289   -0.364905   0.100705
0.374694   0.29907   0.0458144
0.261876   -0.478926   -0.0279208
-0.0786647   0.448401   0.149473
-0.187049   -0.286609   0.47894
0.45835   -0.29538   -0.114947
-0.135116   -0.389655   -0.183755
-0.318866   -0.133281   -0.439788
-0.136399   -0.159781   -0.0850027
-0.203598   -0.486522   -0.0113512
-0.438525   -0.152817   0.162199
-0.289073   -0.491015   0.256098
0.341008   -0.00131211   0.325936
-0.461838   0.232025   -0.45026
0.0217516   0.0947786   -0.0390174
0.227311   0.0745152   0.48132
-0.11304   0.339801   -0.0552161
-0.281026   -0.0604345   -0.220551
-0.288707   0.218366   -0.20163
-0.390154   -0.224983   -0.265731
0.327191   0.0628575   -0.13742
0.0823892   -0.192419   -0.314421
0.102204   -0.0633218   -0.494349
-0.27883   -0.46201   0.487619
-0.465316   0.0428164   0.287414
-0.0416106   -0.2942   0.0385559
0.292543   0.275345   -0.125285
-0.0878716   0.308795   0.455411
-0.265841   0.370523   0.0952945
0.483901   0.316365   -0.243754
-0.239372   0.0690745   0.222998
0.0564741   0.40818   0.285282
0.290944   0.227364   -0.350011
0.185557   0.389156   0.127578
0.118324   -0.423583   0.180842
0.428978   -0.268186   0.276727
-0.286716   -0.109758   0.340308
0.239101   -0.00182725   -0.34298
0.438301   0.0854596   0.093692
0.240969   0.426175   -0.28202
0.125444   -0.285529   -0.145432
0.478132   -0.075819   -0.378397
0.426017   -0.0987772   -0.0073565
0.161315   -0.373587   -0.393144
-0.0944024   0.242911   -0.289222
0.00862255   0.274899   0.0729653
0.339908   -0.154807   -0.21361
-0.295932   0.453107   -0.303649
0.19671   0.1875   0.0339651
-0.460045   0.400044   0.249994
-0.332532   0.285969   0.361341
0.288773   0.474602   -0.481977
-0.355712   0.0249667   0.0621529
0.0174395   0.076957   0.171374
-0.151719   0.317441   0.265543
-0.146702   -0.28371   0.260931
-0.00566183   0.126471   -0.484166
0.173532   0.315983   0.425027
-0.39535   -0.308371   -0.460878
0.0949638   -0.471952   0.439832
0.0172094   -0.0239442   -0.296727
0.264002   -0.280018   0.00709711
0.0570925   -0.474759   -0.00470396
-0.324547   -0.17659   0.0106412
-0.389324   0.430095   -0.0796798
-0.462585   0.231577   -0.0328102
-0.402954   0.223833   0.155217
0.127584   -0.0431146   0.283692
0.317493   -0.458501   0.204715
-0.379258   -0.318357   0.312388
0.232657   -0.227783   0.308954
0.056668   -0.260523   0.464624
0.362291   -0.356035   0.435187
-0.385041   0.0559226   0.481934
-0.0878025   -0.477788   -0.429857
0.175327   -0.0892218   -0.127937
0.421776   -0.284847   -0.349277
-0.135806   0.0778864   -0.150819
0.1347   0.170254   -0.226101
-0.0988584   -0.461978   0.370863
-0.492536   -0.460148   0.121956
