0.478015   0.475843   0.499891
-0.368924   -0.361914   -0.494347
0.480095   -0.375286   -0.323239
-0.358005   0.471107   -0.33792
-0.203073   0.475128   -0.499174
-0.0309424   -0.382209   -0.489415
-0.199704   -0.366793   -0.325157
-0.0153333   0.47913   -0.320441
0.155509   0.480641   0.4835
0.332459   -0.361645   0.495099
0.149904   -0.366927   -0.320819
0.29766   0.473911   -0.345215
0.494327   -0.192658   -0.487988
-0.323566   -0.0466569   0.487475
0.490651   -0.0286621   -0.332426
-0.35425   -0.206318   -0.3259
-0.187158   -0.220441   -0.48744
-0.0287745   -0.0488731   -0.488744
-0.189779   -0.0364056   -0.330285
-0.0322561   -0.232454   -0.322624
0.123542   -0.213007   -0.487334
0.335163   -0.00627156   -0.492093
0.153617   -0.0236074   -0.341271
0.316252   -0.199857   -0.334755
0.495516   0.122541   -0.496836
-0.357653   0.310636   -0.496621
0.489664   0.304321   -0.334302
-0.350131   0.13647   -0.307901
-0.202463   0.141242   -0.492515
-0.0124387   0.300752   0.495397
-0.180299   0.311182   -0.334596
-0.00376519   0.132133   -0.330425
0.161609   0.151636   -0.484069
0.326526   0.306185   0.499918
0.141109   0.316059   -0.327951
0.335002   0.149315   -0.336142
0.482513   0.470435   -0.174716
-0.356532   -0.370959   -0.181152
0.467134   -0.357557   -0.0131754
-0.358235   0.477202   -0.000701256
-0.201606   0.470012   -0.159362
-0.0238348   -0.366519   -0.145514
-0.20281   -0.379464   -0.00251927
-0.00654012   0.456698   -0.00982869
0.161866   0.470918   -0.177204
0.322289   -0.360403   -0.173985
0.145942   -0.36861   -0.0115341
0.323912   0.469794   0.00888487
0.464166   -0.189204   -0.175979
-0.362881   -0.0665091   -0.153267
0.474833   -0.0438994   -0.00402374
-0.352022   -0.206087   0.0153647
-0.186699   -0.210814   -0.14403
0.00700654   -0.000423144   -0.158117
-0.159504   -0.00855486   0.0124234
-0.0144085   -0.197054   0.00508595
0.147659   -0.199412   -0.175634
0.311671   -0.0397035   -0.177403
0.147863   -0.00497069   0.00422798
0.299341   -0.18598   -0.0109459
0.464756   0.127323   -0.168099
-0.367441   0.310399   -0.159901
0.465821   0.289408   0.0124106
-0.34296   0.138735   0.00656452
-0.179647   0.144551   -0.16705
-0.0158174   0.28767   -0.163569
-0.186843   0.304939   -0.0227912
0.00440866   0.15691   0.0127882
0.19161   0.15218   -0.178379
0.336012   0.320874   -0.156896
0.159381   0.299004   -0.0105842
0.318433   0.126359   0.0135836
0.488255   0.474595   0.16762
-0.340318   -0.358833   0.181544
0.485908   -0.357732   0.3202
-0.350558   0.471794   0.329903
-0.190708   0.46173   0.170486
-0.0196799   -0.37657   0.166703
-0.164591   -0.368017   0.335717
-0.00950544   0.454291   0.332273
0.151496   0.475468   0.164839
0.29387   -0.357708   0.168687
0.133735   -0.3609   0.331998
0.322804   0.464924   0.312278
0.485952   -0.175238   0.179377
-0.329939   -0.0355932   0.176667
0.490939   -0.0377597   0.349465
-0.337821   -0.201629   0.354476
-0.167216   -0.210634   0.16431
-0.0180059   -0.0327192   0.181034
-0.17034   -0.0230248   0.329744
-0.0241947   -0.201692   0.347336
0.123534   -0.204794   0.165481
0.308767   -0.0412306   0.15671
0.139923   -0.0427695   0.348576
0.30669   -0.189123   0.346991
0.465642   0.124333   0.175621
-0.345772   0.300763   0.171043
0.476759   0.29429   0.331333
-0.342984   0.128365   0.330561
-0.190262   0.144528   0.172124
-0.015878   0.305097   0.168534
-0.181842   0.308661   0.35012
-0.0158872   0.121002   0.350199
0.148953   0.124191   0.190408
0.304907   0.304983   0.169359
0.152051   0.29786   0.339302
0.304572   0.123558   0.334221
