-0.0911017   0.150702   0.0365984
-0.45564   -0.246692   -0.0829945
0.00346646   0.275771   -0.149221
-0.0150542   0.433928   -0.308733
-0.306646   -0.0716937   -0.298479
-0.0989626   -0.194091   -0.247385
-0.368465   0.487044   -0.235021
-0.203746   0.0123378   -0.125453
-0.329715   -0.0681237   0.31061
-0.207257   0.157394   -0.306886
0.205086   -0.43546   -0.452182
0.403741   0.187216   0.205177
-0.412578   0.352091   -0.425612
-0.0605012   0.441442   -0.0974325
-0.0658624   0.0652993   0.390123
-0.0485774   0.321184   0.391823
-0.21255   0.468018   -0.425307
0.0172123   -0.32183   -0.354638
-0.492488   -0.211739   0.278411
-0.171518   -0.330206   -0.387924
-0.187989   0.321167   -0.00449779
-0.0438694   0.189512   0.237833
-0.30888   -0.424249   -0.0694508
-0.408613   -0.0555789   -0.106181
0.10428   -0.0488226   -0.441272
-0.231295   0.11961   0.170896
0.141105   0.380772   0.404772
0.483263   -0.46706   -0.0646295
0.175695   0.139477   0.247893
0.254866   -0.0578453   0.155316
0.162025   0.0989652   -0.252768
0.18025   -0.279293   0.434535
0.448348   -0.393518   0.15501
0.149004   0.162789   0.479935
0.11559   0.400755   -0.0204829
0.320579   -0.498816   -0.255997
0.465534   0.420818   0.129255
-0.140455   -0.122435   0.332675
0.000665623   0.226536   -0.360353
-0.00670003   -0.277632   0.328256
-0.373041   0.371349   -0.00372184
-0.17361   0.344961   0.187564
0.158495   -0.357455   -0.171299
0.0356638   -0.0479391   -0.0173019
0.332697   0.290944   0.452703
-0.232841   0.387666   0.372562
-0.176703   -0.294442   0.167383
-0.485751   -0.151018   -0.269618
-0.0390165   -0.288813   -0.0517609
-0.032628   0.0386788   -0.253787
0.280353   -0.11436   0.355876
0.422644   0.466627   -0.441509
0.249073   0.307963   -0.154479
-0.319453   -0.0638532   0.0864786
-0.203749   -0.301342   0.402172
-0.331605   0.130021   -0.0114524
0.0960781   0.354929   0.213144
0.255204   0.0119882   -0.0516516
0.191402   0.345792   -0.367134
-0.308986   -0.301978   -0.250293
0.238143   -0.496647   0.183402
-0.400703   0.276277   0.184571
0.272422   -0.205008   -0.374579
-0.354619   -0.210921   0.477078
-0.436872   0.0603625   0.196387
0.180542   -0.201443   -0.0370628
0.0747128   -0.0812317   0.368613
0.34998   -0.255902   -0.167797
0.38828   -0.0703849   -0.436794
-0.463674   0.248058   0.392605
0.0794937   -0.373169   0.124646
0.321584   0.0970599   0.363486
-0.442095   0.149849   -0.370998
0.272992   -0.394519   -0.00329789
-0.395246   0.284025   -0.208572
0.392379   -0.201103   0.0968807
-0.252913   -0.200546   -0.0521106
0.398807   -0.244244   0.447795
-0.176544   0.0203625   -0.454857
-0.340606   0.467339   0.162212
0.00383301   -0.480747   0.480378
0.44379   -0.360338   -0.322254
0.319746   0.123134   -0.374885
0.277376   0.297081   0.269034
-0.302276   0.146717   0.407699
-0.472469   0.0369817   0.423152
0.113483   -0.432883   0.328636
0.485638   0.125304   -0.116265
-0.427279   -0.398479   0.334136
-0.158034   -0.469113   0.0526483
-0.198106   0.32499   -0.211729
0.096316   0.167462   0.0295707
0.43856   0.348901   -0.0798897
0.273063   0.334169   0.0792661
0.396391   0.0684249   0.058613
0.404541   0.307759   -0.299762
-0.0453419   -0.158942   -0.472496
-0.391514   -0.417652   -0.461817
0.117978   -0.097972   -0.226928
0.351155   -0.0427243   -0.201921
-0.0276858   -0.0114755   0.178469
-0.175223   0.27901   -0.469097
0.369284   0.490563   0.335114
0.265017   -0.30465   0.225078
-0.168295   -0.452948   -0.219653
-0.0988476   -0.464103   0.28629
0.0938433   -0.189317   0.168468
-0.371235   -0.303054   0.110643
