0.467332   -0.494421   -0.497588
-0.355726   -0.325082   0.485071
0.499009   -0.339867   -0.322105
-0.336934   -0.493559   -0.334002
-0.179761   0.496585   -0.484046
-0.00381396   -0.337539   -0.499984
-0.169143   -0.326043   -0.328805
0.011378   -0.492035   -0.3275
0.175734   0.487583   -0.496371
0.338225   -0.319603   0.499112
0.165904   -0.330635   -0.335219
0.349791   -0.482424   -0.295378
0.49498   -0.163756   0.491089
-0.322965   -0.00864288   0.491404
-0.494642   -0.00608666   -0.336051
-0.33251   -0.174688   -0.347211
-0.165891   -0.172062   0.499365
-0.00628658   -0.0109164   0.492951
-0.158017   0.00386391   -0.316359
-0.000783725   -0.179828   -0.329813
0.169406   -0.170221   0.493673
0.341669   0.0138698   -0.499761
0.171776   -0.00852363   -0.311997
0.341956   -0.17032   -0.331748
-0.499394   0.1504   -0.490424
-0.341899   0.321659   0.484161
0.492849   0.33286   -0.351425
-0.342191   0.186848   -0.31896
-0.170719   0.169114   0.496679
-0.00328405   0.328333   0.493569
-0.17397   0.31584   -0.347057
-0.0155798   0.179964   -0.344767
0.162362   0.163657   -0.477565
0.325415   0.340132   -0.482668
0.143424   0.338367   -0.337259
0.337964   0.19593   -0.318669
-0.485337   -0.4832   -0.143681
-0.319667   -0.314894   -0.178625
0.489116   -0.331057   0.0208785
-0.324423   -0.489765   -0.00712483
-0.158553   -0.497844   -0.190008
-0.00481771   -0.327814   -0.173646
-0.166227   -0.337363   -0.00641116
0.00312854   0.498407   -0.00585826
0.151491   -0.499742   -0.17101
0.326063   -0.324958   -0.151394
0.152184   -0.349472   -0.0013479
0.31892   0.493992   0.00915967
-0.49546   -0.168714   -0.166804
-0.341356   0.00204451   -0.172702
-0.499597   0.0240113   0.00493055
-0.323152   -0.168569   -0.00649978
-0.167671   -0.159469   -0.170022
0.00537876   -0.00326271   -0.160144
-0.158229   0.00584026   0.00603315
0.00123474   -0.179799   -0.00766088
0.168796   -0.173631   -0.162274
0.349961   0.0118912   -0.157199
0.186745   0.00359253   0.00691231
0.342694   -0.165125   0.00414699
0.498171   0.180373   -0.15643
-0.331669   0.338872   -0.182348
-0.473385   0.339209   -0.00293251
-0.320914   0.168237   -0.0122929
-0.167437   0.162171   -0.17585
-0.0176043   0.329814   -0.183864
-0.154683   0.345739   -0.0140519
0.0167205   0.177199   8.59451e-05
0.170748   0.157146   -0.163138
0.343758   0.343618   -0.142302
0.178835   0.322655   0.00993503
0.332922   0.176684   0.0064293
0.493809   0.480277   0.158663
-0.334715   -0.331729   0.176071
0.483758   -0.335701   0.325013
-0.346598   0.492982   0.319842
-0.169465   0.498112   0.160411
0.000194277   -0.348571   0.172099
-0.163824   -0.363034   0.337387
0.0272951   -0.484622   0.328288
0.165137   -0.49636   0.153707
0.335412   -0.338146   0.162254
0.164026   -0.32599   0.329212
0.305695   0.490489   0.329223
-0.486431   -0.170995   0.155374
-0.318797   0.0100933   0.161625
0.499111   -0.00658124   0.329804
-0.332334   -0.15325   0.326994
-0.153995   -0.178838   0.146854
0.00530905   -0.00247594   0.158935
-0.144722   -0.0141696   0.325889
4.17542e-05   -0.176146   0.31149
0.165415   -0.184663   0.157112
0.334866   -0.00685678   0.180432
0.152346   -0.0114779   0.328452
0.340572   -0.172021   0.328933
-0.497358   0.161105   0.173499
-0.331043   0.326145   0.17355
0.493496   0.330042   0.338292
-0.339795   0.157948   0.328168
-0.166977   0.151281   0.16459
-0.00387474   0.341642   0.153649
-0.153433   0.368703   0.327981
-0.018437   0.160533   0.34243
0.164776   0.157791   0.198447
0.321738   0.333315   0.180455
0.141769   0.332026   0.3301
0.324689   0.183573   0.357545
