-0.489735   1.64156   -0.362999
-0.341875   -0.774904   0.916664
-1.058   0.4194   2.28859
-0.647294   0.692176   0.301915
-0.366128   0.286028   -0.960465
0.787028   -0.300533   -0.717186
-0.17232   0.37933   -0.55004
-0.858925   0.59368   0.753007
0.840455   0.0117269   -0.247036
-0.874291   1.54386   0.00366639
-0.814362   0.71276   0.174687
-0.89841   -0.349357   0.245051
0.774434   0.930787   -1.63194
-0.217141   -1.09598   -0.160701
0.21859   1.24606   -0.146447
1.26575   2.01972   -1.06123
0.118755   0.352581   1.63939
0.191842   -0.938679   -0.264065
0.493572   -1.02347   0.190086
2.64854   -1.58745   0.838624
0.196736   -0.334488   -2.17301
-0.265697   -0.318653   -0.0547392
0.362637   -1.28488   -0.10748
-2.81274   -0.483108   0.226566
2.68466   0.109114   0.74155
0.392936   0.328853   0.731132
1.2559   -1.62196   -1.32624
-0.85328   -1.00886   -0.0227773
-0.28304   1.20839   0.232352
-0.309593   -0.218656   0.17174
1.49024   -0.32575   0.777346
0.337956   0.749243   0.378954
0.276967   -0.167876   0.205681
1.15894   -0.0474525   0.896915
0.283013   0.303214   -0.3527
0.697878   -0.668308   -0.36205
1.02233   -0.607476   -0.86702
-1.42129   -1.81993   -0.023588
0.371295   -1.51552   -0.379847
0.205905   0.310734   0.854102
-1.44289   0.438055   -0.511891
1.72229   0.2979   -0.590096
-0.636705   0.593396   -0.834118
0.0495026   0.354004   -0.172602
-1.16374   0.414405   0.335097
0.993124   1.34621   -0.881609
-0.0329745   -0.342273   -0.239307
0.000240114   -0.103715   1.60104
-0.577448   -1.32889   1.39925
-1.51028   -0.848952   0.407773
0.230248   0.410528   1.2992
-0.506254   1.16634   1.82548
0.463083   0.385961   -0.210617
-0.562821   0.0972894   -1.55257
-0.946613   -1.298   -0.157259
-0.664443   -0.480233   0.0674918
-0.898782   0.605651   -0.455403
-0.496843   0.0385944   0.918131
-0.983753   1.18964   0.3845
0.00897736   -0.154234   -1.32256
-0.250377   -0.250796   0.150181
0.0488747   0.312249   -0.0603107
-0.967643   -1.35539   -0.0126713
1.58894   0.416663   -2.31128
-1.85003   -0.813308   -0.698646
-0.726295   -0.540695   0.810859
0.125258   1.5881   0.94215
1.59641   -0.0111557   -0.884395
0.183049   1.36545   -0.300259
-0.0660011   -0.0281014   0.973907
-0.195242   2.31962   0.65743
0.400082   -2.32291   0.744709
-1.31426   -0.112197   -1.76554
-0.69086   -0.236036   0.861103
0.867135   0.241972   -0.202341
-0.0622415   0.918018   0.287697
0.0911935   0.176828   0.767031
-0.674866   0.101159   -0.420974
0.324595   1.12685   1.22569
-0.13369   1.64932   -0.386262
-0.0164147   0.0674311   -0.131761
1.46897   -1.51182   -0.983153
0.700094   -1.89274   0.664792
-0.0278386   -1.64081   -1.54459
0.551747   -0.270959   0.537909
-1.46888   -0.0723425   1.31839
0.789924   -1.61277   0.609247
0.570694   0.991983   0.598199
0.265844   0.00241899   1.43907
-2.18021   1.11384   0.375606
0.243571   -0.0367401   -0.541222
0.22131   0.362286   -0.199204
1.6369   -0.338033   -0.501428
-1.30894   -0.0200115   0.333099
-0.588173   0.441902   -1.84129
0.681245   0.560599   -1.08667
-0.371007   0.210802   -0.950018
0.0785099   0.559377   -0.691794
-0.670634   -0.593634   0.0096601
0.0549655   1.15588   0.0522715
1.18467   -0.890339   0.950991
-0.671915   0.770793   1.2734
-0.451559   0.11093   -0.617473
1.47136   0.00889133   -1.20451
0.888309   0.145862   -0.883097
0.338916   0.028418   -0.403298
-0.0259344   -0.947414   0.811613
-0.0957022   -1.37701   0.120795
