0.438159   0.456844   0.470123
-0.40407   -0.366215   0.440387
0.445291   -0.378481   -0.383029
-0.393041   0.45959   -0.379791
-0.223549   0.458711   0.446169
-0.0480219   -0.383994   0.467221
-0.242421   -0.38747   -0.376303
-0.0591438   0.452536   -0.383803
0.112586   0.473071   0.447933
0.274615   -0.383307   0.456437
0.134018   -0.380943   -0.383153
0.266216   0.458622   -0.370244
0.430317   -0.19422   0.429319
-0.396569   -0.0335359   0.434126
0.449442   -0.0288499   -0.388607
-0.406532   -0.212562   -0.39441
-0.230642   -0.210071   0.436626
-0.0522327   -0.0515837   0.469302
-0.235178   -0.0572344   -0.396645
-0.0516134   -0.226298   -0.39413
0.10837   -0.211791   0.443819
0.277861   -0.0527873   0.444502
0.104614   -0.0405835   -0.378519
0.280459   -0.196739   -0.390784
0.442915   0.124674   0.433168
-0.391569   0.275599   0.452679
0.452628   0.283403   -0.380392
-0.391294   0.118764   -0.38866
-0.223757   0.125638   0.44465
-0.0850293   0.305462   0.445503
-0.217359   0.294849   -0.378786
-0.0634655   0.126796   -0.368389
0.0989598   0.125383   0.463094
0.264834   0.283459   0.454492
0.0926433   0.283745   -0.375271
0.282645   0.107135   -0.396249
0.445324   0.455287   -0.224472
-0.390793   -0.377636   -0.211886
0.45684   -0.387015   -0.0588569
-0.379515   0.453676   -0.0553237
-0.226543   0.466132   -0.204394
-0.046163   -0.387351   -0.232754
-0.238339   -0.369598   -0.0408165
-0.0602294   0.482971   -0.0431956
0.0866873   0.440842   -0.199105
0.262731   -0.37346   -0.202212
0.11161   -0.350547   -0.0386686
0.276962   0.46714   -0.0411509
0.438764   -0.205449   -0.233522
-0.397896   -0.0374186   -0.205805
0.433072   -0.0413306   -0.0545392
-0.409322   -0.218942   -0.0399987
-0.247441   -0.210436   -0.230212
-0.0731943   -0.0592922   -0.222553
-0.237111   -0.0518449   -0.0535294
-0.0835939   -0.205441   -0.0606299
0.10963   -0.212028   -0.222423
0.281071   -0.0587416   -0.219425
0.104724   -0.0394762   -0.0567719
0.29292   -0.208292   -0.0502261
0.451771   0.125935   -0.219932
-0.370087   0.284041   -0.212087
0.460158   0.284047   -0.0483847
-0.373906   0.107459   -0.0601436
-0.217287   0.0982608   -0.211889
-0.060462   0.295062   -0.211927
-0.209593   0.295866   -0.0503993
-0.0524563   0.135092   -0.0583216
0.136775   0.126101   -0.23196
0.285275   0.309934   -0.184708
0.108532   0.281679   -0.0529742
0.26682   0.123792   -0.0479592
0.452522   0.430942   0.0919277
-0.412779   -0.387445   0.136495
0.422867   -0.367815   0.288916
-0.425636   0.454997   0.298666
-0.222383   0.473952   0.117027
-0.0709843   -0.358488   0.112512
-0.229295   -0.384903   0.285381
-0.0588947   0.457722   0.265697
0.120049   0.470372   0.121565
0.275494   -0.363699   0.108664
0.0927835   -0.380041   0.288386
0.277649   0.442549   0.28168
0.440296   -0.208324   0.113862
-0.399642   -0.0432442   0.111987
0.435611   -0.0502547   0.264186
-0.395714   -0.202901   0.282478
-0.245362   -0.223979   0.116108
-0.0477935   -0.0396123   0.0992471
-0.219989   -0.0268768   0.283767
-0.0725959   -0.213977   0.290964
0.1108   -0.197853   0.113583
0.257479   -0.0222475   0.117953
0.0852137   -0.0268681   0.286122
0.256098   -0.206422   0.276705
0.430268   0.128815   0.129944
-0.375734   0.294324   0.134483
0.420712   0.28641   0.294631
-0.39519   0.116473   0.26613
-0.212414   0.123787   0.0989893
-0.0564534   0.301644   0.130188
-0.231683   0.31174   0.279226
-0.0558095   0.137766   0.285002
0.0945827   0.116135   0.114467
0.25589   0.282727   0.105415
0.10722   0.299246   0.27272
0.256269   0.126193   0.299061
