-0.0482154   -0.243204   0.142972
-0.134057   0.00961252   -0.403578
0.207392   0.258971   0.185401
-0.178917   -0.466838   0.230096
-0.441212   -0.266513   0.152594
0.0143182   -0.168591   0.377069
0.0823761   0.364495   -0.0826381
0.318253   -0.271116   -0.304383
-0.408571   0.1978   -0.494727
-0.27463   0.0326832   0.353573
-0.398227   0.489734   0.464357
0.231129   0.287181   0.0861054
0.48057   -0.33794   0.209059
-0.237309   0.254512   -0.0794924
0.381902   -0.412887   -0.319936
-0.488329   0.0793251   0.0376502
0.289422   0.322644   0.165185
0.470425   0.040248   -0.454691
0.0249545   -0.0438181   0.304532
-0.151386   -0.218249   -0.246278
0.443403   -0.318951   0.312778
-0.102157   0.202142   0.2346
0.346044   0.29794   -0.292867
-0.46102   -0.157626   -0.1584
-0.0168329   -0.026664   0.202967
0.453512   -0.327392   -0.104335
-0.416959   0.154857   -0.308246
-0.109671   0.152376   -0.116884
0.0469403   0.268727   0.0569692
0.449926   -0.226604   0.233527
0.0785655   -0.175178   0.0251318
-0.462199   -0.100284   -0.225782
-0.34432   -0.120949   -0.416516
-0.4977   -0.362148   0.354178
-0.322512   -0.401495   -0.492302
0.298061   0.20544   0.0526769
-0.446609   0.397259   0.457261
-0.152983   -0.303807   -0.367072
-0.412128   0.00419039   0.303429
-0.191744   0.0439876   -0.341678
-0.0188749   -0.208162   -0.473997
0.00923096   0.0525447   -0.341477
-0.127078   0.230289   -0.29816
-0.0654439   -0.327798   -0.411509
-0.169045   -0.00877958   -0.0520539
-0.0555422   -0.351619   -0.298389
0.152947   0.190438   0.312457
-0.193162   0.394491   -0.386299
-0.0440398   -0.375443   0.388313
0.364068   -0.24956   0.284423
0.432215   0.453227   -0.192399
-0.396187   0.121561   0.427298
-0.117463   -0.23738   0.0529185
-0.205778   0.204407   0.25871
-0.48813   0.0119312   0.0700224
-0.0724637   -0.200799   0.46873
-0.214116   -0.182529   0.465657
-0.10113   -0.455483   -0.220174
0.00264532   0.155415   -0.259821
0.178968   -0.0165342   -0.145841
-0.0675402   -0.492595   -0.282815
0.114528   0.130214   0.191706
0.0520255   0.227632   -0.495991
0.0834341   -0.0269874   -0.145244
8.13716e-05   0.0714595   0.337238
0.0313508   -0.274441   0.483156
0.457558   0.156853   0.0744651
0.0948918   0.266233   0.154797
0.315525   -0.120385   -0.169103
-0.214683   -0.213907   -0.0988016
0.0256173   0.233445   -0.391449
-0.122404   0.160141   -0.430892
-0.459196   -0.369725   -0.350861
0.0109966   -0.135052   -0.490759
-0.453361   -0.472273   -0.0589182
0.335543   -0.367825   -0.0661957
0.412344   0.279319   -0.366439
0.256259   0.136859   0.0239546
0.433225   -0.25684   -0.320927
0.123705   0.311773   0.0366582
0.288815   -0.324692   0.0995128
-0.354989   0.36911   -0.288585
0.42043   0.131727   0.26393
-0.346238   0.275128   -0.3912
0.105848   -0.110966   0.264417
0.381649   -0.294812   -0.439517
0.295316   0.315905   -0.383195
-0.1505   -0.0801994   -0.251179
0.224526   0.0156398   -0.264328
-0.0207168   0.0136831   0.497872
-0.363758   0.00128924   -0.205425
0.440451   -0.219375   -0.428405
-0.216416   0.407957   -0.286786
0.217561   -0.168799   -0.275233
0.0348784   -0.045145   -0.0124874
0.00586693   0.469148   -0.220081
0.137149   0.252873   -0.172529
-0.231441   -0.392833   0.451641
-0.436611   -0.428385   -0.248178
0.153729   -0.395729   -0.108825
0.320091   0.426547   0.400651
0.454133   -0.0526922   0.0523478
-0.174818   0.464488   0.194708
0.00149266   -0.0528708   -0.470648
0.0572461   -0.0301055   -0.222945
-0.46869   -0.0971597   0.107695
0.193459   -0.272174   0.470238
0.462645   -0.402805   0.259788
